0
0.000192
0.019392
0.057792
0.096192
0.096384
0.115584
0.153984
0.154176
0.192576
0.192768
0.231168
0.23136
0.26976
0.269952
0.308352
0.308544
0.346944
0.385344
0.385536
0.404736
0.443136
0.443328
0.462528
0.46272
0.50112
0.501312
0.520512
0.520704
0.539904
0.578304
0.578496
0.616896
0.617088
0.636288
0.63648
0.67488
0.675072
0.713472
0.751872
0.752064
0.771264
0.790464
0.809664
0.809856
0.848256
0.886656
0.925056
0.925248
0.944448
0.94464
0.98304
0.983232
1.021632
1.021824
1.041024
1.041216
1.079616
1.098816
1.099008
1.137408
1.175808
1.176
1.1952
1.2336
1.233792
1.252992
1.272192
1.310592
1.348992
1.387392
1.425792
1.425984
1.464384
1.502784
1.502976
1.541376
1.541568
1.560768
1.56096
1.59936
1.63776
1.67616
1.71456
1.75296
1.753152
1.791552
1.791744
1.810944
1.811136
1.830336
1.830528
1.849728
1.888128
1.88832
1.92672
1.96512
2.00352
2.003712
2.042112
2.042304
2.080704
2.080896
2.119296
2.157696
2.157888
2.196288
2.19648
2.23488
2.27328
2.31168
2.311872
2.350272
2.388672
2.407872
2.408064
2.446464
2.465664
2.484864
2.485056
2.523456
2.523648
2.562048
2.600448
2.619648
2.61984
2.63904
2.65824
2.658432
2.677632
2.696832
2.697024
2.716224
2.754624
2.793024
2.831424
2.869824
2.870016
2.908416
2.946816
2.985216
3.004416
3.004608
3.043008
3.0432
3.0816
3.081792
3.120192
3.139392
3.158592
3.158784
3.177984
3.216384
3.254784
3.293184
3.293376
3.331776
3.331968
3.351168
3.35136
3.37056
3.370752
3.409152
3.409344
3.428544
3.428736
3.467136
3.467328
3.486528
3.505728
3.544128
3.563328
3.582528
3.58272
3.62112
3.621312
3.659712
3.659904
3.698304
3.717504
3.755904
3.775104
3.775296
3.794496
3.794688
3.813888
3.852288
3.890688
3.929088
3.92928
3.96768
3.967872
4.006272
4.025472
4.063872
4.102272
4.140672
4.159872
4.198272
4.198464
4.236864
4.237056
4.275456
4.275648
4.294848
4.29504
4.33344
4.333632
4.352832
4.353024
4.391424
4.410624
4.429824
4.468224
4.487424
4.487616
4.506816
4.507008
4.526208
4.5264
4.5648
4.564992
4.584192
4.584384
4.622784
4.622976
4.642176
4.680576
4.680768
4.719168
4.71936
4.73856
4.738752
4.757952
4.758144
4.796544
4.796736
4.835136
4.835328
4.854528
4.85472
4.87392
4.89312
4.93152
4.96992
4.98912
4.989312
5.027712
5.046912
5.047104
5.085504
5.104704
5.104896
5.143296
5.181696
5.220096
5.258496
5.277696
5.277888
5.297088
5.29728
5.33568
5.37408
5.374272
5.412672
5.451072
5.470272
5.470464
5.489664
5.528064
5.528256
5.566656
5.566848
5.605248
5.60544
5.62464
5.66304
5.663232
5.682432
5.720832
5.759232
5.759424
5.778624
5.797824
5.817024
5.817216
5.855616
5.894016
5.894208
5.913408
5.9136
5.9328
5.932992
5.952192
5.990592
6.009792
6.009984
6.029184
6.048384
6.048576
6.067776
6.067968
6.106368
6.125568
6.12576
6.14496
6.145152
6.183552
6.183744
6.202944
6.203136
6.222336
6.241536
6.241728
6.260928
6.280128
6.28032
6.29952
6.299712
6.338112
6.338304
6.357504
6.357696
6.396096
6.396288
6.434688
6.43488
6.45408
6.454272
6.492672
6.492864
6.512064
6.550464
6.550656
6.569856
6.608256
6.627456
6.646656
6.665856
6.685056
6.723456
6.742656
6.742848
6.781248
6.78144
6.81984
6.85824
6.858432
6.896832
6.897024
6.935424
6.935616
6.954816
6.993216
7.031616
7.070016
7.070208
7.108608
7.127808
7.166208
7.1664
7.2048
7.2432
7.2816
7.281792
7.300992
7.320192
7.339392
7.358592
7.358784
7.397184
7.397376
7.416576
7.454976
7.455168
7.474368
7.47456
7.49376
7.493952
7.513152
7.532352
7.532544
7.570944
7.590144
7.590336
7.609536
7.647936
7.648128
7.667328
7.686528
7.724928
7.72512
7.74432
7.76352
7.763712
7.802112
7.840512
7.878912
7.917312
7.917504
7.955904
7.994304
7.994496
8.032896
8.033088
8.052288
8.090688
8.09088
8.11008
8.14848
8.16768
8.18688
8.22528
8.26368
8.30208
8.302272
8.321472
8.359872
8.379072
8.398272
8.398464
8.417664
8.436864
8.475264
8.494464
8.532864
8.533056
8.552256
8.571456
8.571648
8.610048
8.61024
8.64864
8.66784
8.668032
8.687232
8.687424
8.706624
8.706816
8.745216
8.783616
8.802816
8.841216
8.841408
8.860608
8.8608
8.88
8.9184
8.918592
8.937792
8.937984
8.957184
8.995584
9.014784
9.014976
9.053376
9.091776
9.091968
9.111168
9.149568
9.187968
9.226368
9.22656
9.26496
9.265152
9.303552
9.303744
9.322944
9.342144
9.342336
9.361536
9.380736
9.399936
9.419136
9.419328
9.438528
9.43872
9.45792
9.49632
9.496512
9.515712
9.515904
9.535104
9.535296
9.554496
9.592896
9.612096
9.631296
9.631488
9.650688
9.65088
9.68928
9.72768
9.76608
9.766272
9.785472
9.785664
9.804864
9.843264
9.881664
9.881856
9.901056
9.920256
9.958656
9.958848
9.978048
9.97824
10.01664
10.016832
10.055232
10.055424
10.074624
10.113024
10.113216
10.132416
10.132608
10.151808
10.171008
10.1712
10.1904
10.190592
10.209792
10.209984
10.248384
10.248576
10.286976
10.306176
10.306368
10.344768
10.34496
10.38336
10.383552
10.421952
10.422144
10.460544
10.498944
10.537344
10.556544
10.575744
10.614144
10.614336
10.633536
10.633728
10.672128
10.67232
10.69152
10.71072
10.710912
10.730112
10.730304
10.749504
10.787904
10.826304
10.864704
10.864896
10.903296
10.941696
10.941888
10.980288
10.98048
10.99968
10.999872
11.019072
11.057472
11.095872
11.096064
11.115264
11.115456
11.153856
11.173056
11.192256
11.192448
11.230848
11.250048
11.25024
11.26944
11.269632
11.308032
11.327232
11.327424
11.346624
11.346816
11.385216
11.404416
11.442816
11.443008
11.462208
11.4624
11.4816
11.481792
11.520192
11.539392
11.539584
11.577984
11.578176
11.616576
11.616768
11.635968
11.63616
11.67456
11.69376
11.693952
11.732352
11.751552
11.789952
11.790144
11.809344
11.847744
11.866944
11.886144
11.905344
11.924544
11.943744
11.943936
11.963136
12.001536
12.001728
12.040128
12.04032
12.07872
12.078912
12.098112
12.136512
12.136704
12.155904
12.194304
12.194496
12.232896
12.233088
12.252288
12.271488
12.290688
12.29088
12.32928
12.34848
12.348672
12.387072
12.406272
12.425472
12.425664
12.464064
12.502464
12.521664
12.521856
12.541056
12.560256
12.579456
12.598656
12.637056
12.675456
12.675648
12.694848
12.714048
12.733248
12.73344
12.75264
12.77184
12.772032
12.810432
12.848832
12.849024
12.868224
12.887424
12.887616
12.926016
12.964416
12.983616
13.022016
13.060416
13.079616
13.079808
13.118208
13.1184
13.1568
13.156992
13.195392
13.214592
13.214784
13.233984
13.234176
13.272576
13.291776
13.291968
13.311168
13.31136
13.33056
13.330752
13.369152
13.407552
13.407744
13.446144
13.465344
13.465536
13.484736
13.503936
13.523136
13.523328
13.561728
13.580928
13.619328
13.638528
13.63872
13.67712
13.677312
13.696512
13.734912
13.754112
13.754304
13.792704
13.792896
13.831296
13.869696
13.888896
13.889088
13.908288
13.90848
13.94688
13.98528
13.985472
14.004672
14.004864
14.043264
14.043456
14.062656
14.081856
14.082048
14.120448
14.12064
14.13984
14.15904
14.159232
14.178432
14.197632
14.197824
14.236224
14.274624
14.274816
14.313216
14.313408
14.332608
14.3328
14.352
14.352192
14.390592
14.428992
14.467392
14.467584
14.486784
14.486976
14.525376
14.563776
14.582976
14.621376
14.621568
14.659968
14.66016
14.69856
14.73696
14.77536
14.81376
14.85216
14.89056
14.890752
14.929152
14.929344
14.948544
14.948736
14.987136
15.025536
15.044736
15.083136
15.102336
15.140736
15.159936
15.160128
15.198528
15.19872
15.23712
15.237312
15.275712
15.314112
15.314304
15.333504
15.371904
15.372096
15.391296
15.391488
15.410688
15.429888
15.468288
15.506688
15.545088
15.583488
15.58368
15.60288
15.62208
15.64128
15.66048
15.67968
15.679872
15.699072
15.718272
15.756672
15.756864
15.795264
15.795456
15.833856
15.834048
15.872448
15.910848
15.91104
15.94944
15.949632
15.968832
15.988032
15.988224
16.026624
16.026816
16.065216
16.103616
16.142016
16.142208
16.161408
16.199808
16.2
16.2192
16.219392
16.257792
16.257984
16.296384
16.315584
16.315776
16.334976
16.335168
16.373568
16.392768
16.431168
16.43136
16.45056
16.450752
16.469952
16.508352
16.508544
16.546944
16.585344
16.585536
16.604736
16.643136
16.662336
16.681536
16.719936
16.739136
16.739328
16.758528
16.796928
16.835328
16.83552
16.87392
16.874112
16.912512
16.912704
16.951104
16.970304
16.970496
16.989696
16.989888
17.009088
17.00928
17.04768
17.047872
17.086272
17.086464
17.105664
17.144064
17.144256
17.163456
17.201856
17.240256
17.240448
17.259648
17.25984
17.27904
17.279232
17.298432
17.317632
17.356032
17.356224
17.394624
17.394816
17.414016
17.414208
17.452608
17.491008
17.510208
17.529408
17.5296
17.568
17.5872
17.587392
17.625792
17.625984
17.645184
17.645376
17.683776
17.683968
17.722368
17.760768
17.779968
17.799168
17.79936
17.83776
17.837952
17.876352
17.876544
17.895744
17.895936
17.915136
17.915328
17.934528
17.93472
17.97312
17.973312
17.992512
17.992704
18.031104
18.031296
18.050496
18.050688
18.089088
18.127488
18.146688
18.165888
18.16608
18.18528
18.185472
18.204672
18.223872
18.224064
18.243264
18.262464
18.262656
18.301056
18.339456
18.377856
18.378048
18.416448
18.41664
18.45504
18.455232
18.493632
18.493824
18.513024
18.532224
18.551424
18.551616
18.570816
18.609216
18.628416
18.628608
18.667008
18.6672
18.6864
18.686592
18.724992
18.763392
18.782592
18.801792
18.820992
18.821184
18.859584
18.897984
18.898176
18.936576
18.936768
18.955968
18.95616
18.97536
19.01376
19.013952
19.033152
19.052352
19.052544
19.071744
19.090944
19.110144
19.148544
19.167744
19.167936
19.206336
19.206528
19.244928
19.24512
19.26432
19.30272
19.34112
19.341312
19.379712
19.379904
19.399104
19.437504
19.475904
19.495104
19.495296
19.533696
19.572096
19.610496
19.610688
19.629888
19.668288
19.66848
19.68768
19.72608
19.726272
19.745472
19.745664
19.784064
19.784256
19.803456
19.803648
19.822848
19.82304
19.86144
19.88064
19.880832
19.900032
19.938432
19.938624
19.977024
19.977216
19.996416
19.996608
20.035008
20.0352
20.0544
20.054592
20.092992
20.093184
20.112384
20.150784
20.189184
20.208384
20.246784
20.246976
20.285376
20.323776
20.323968
20.362368
20.36256
20.40096
20.401152
20.439552
20.477952
20.478144
20.516544
20.516736
20.555136
20.593536
20.593728
20.612928
20.651328
20.65152
20.67072
20.670912
20.690112
20.728512
20.747712
20.747904
20.767104
20.767296
20.805696
20.824896
20.825088
20.844288
20.882688
20.901888
20.921088
20.959488
20.997888
20.99808
21.01728
21.017472
21.055872
21.056064
21.094464
21.094656
21.113856
21.152256
21.152448
21.171648
21.17184
21.21024
21.22944
21.229632
21.268032
21.268224
21.306624
21.306816
21.345216
21.383616
21.383808
21.422208
21.460608
21.4608
21.4992
21.499392
21.518592
21.518784
21.537984
21.576384
21.614784
21.614976
21.634176
21.634368
21.653568
21.65376
21.69216
21.692352
21.711552
21.711744
21.730944
21.731136
21.769536
21.807936
21.846336
21.846528
21.865728
21.86592
21.88512
21.90432
21.904512
21.942912
21.943104
21.962304
21.981504
21.981696
22.000896
22.039296
22.058496
22.077696
22.096896
22.097088
22.135488
22.173888
22.193088
22.19328
22.23168
22.25088
22.251072
22.270272
22.270464
22.289664
22.308864
22.328064
22.366464
22.366656
22.385856
22.386048
22.424448
22.42464
22.44384
22.444032
22.482432
22.501632
22.501824
22.540224
22.559424
22.578624
22.578816
22.598016
22.598208
22.636608
22.6368
22.6752
22.675392
22.713792
22.713984
22.733184
22.752384
22.790784
22.809984
22.848384
22.848576
22.867776
22.886976
22.925376
22.963776
22.963968
22.983168
23.002368
23.00256
23.04096
23.06016
23.09856
23.11776
23.15616
23.156352
23.194752
23.194944
23.233344
23.271744
23.310144
23.348544
23.348736
23.367936
23.406336
23.425536
23.444736
23.483136
23.502336
23.521536
23.540736
23.540928
23.560128
23.56032
23.59872
23.598912
23.637312
23.656512
23.656704
23.695104
23.714304
23.714496
23.752896
23.791296
23.829696
23.829888
23.868288
23.86848
23.88768
23.92608
23.96448
23.964672
23.983872
24.022272
24.041472
24.041664
24.080064
24.080256
24.099456
24.137856
24.176256
24.176448
24.195648
24.19584
24.23424
24.234432
24.253632
24.253824
24.292224
24.292416
24.311616
24.350016
24.388416
24.407616
24.407808
24.446208
24.4464
24.4656
24.465792
24.504192
24.504384
24.523584
24.542784
24.561984
24.581184
24.619584
24.657984
24.658176
24.677376
24.677568
24.696768
24.715968
24.71616
24.73536
24.735552
24.773952
24.774144
24.812544
24.812736
24.851136
24.889536
24.889728
24.928128
24.92832
24.94752
24.98592
25.00512
25.04352
25.08192
25.082112
25.120512
25.158912
25.159104
25.178304
25.178496
25.216896
25.255296
25.274496
25.312896
25.313088
25.351488
25.35168
25.39008
25.42848
25.46688
25.50528
25.505472
25.524672
25.563072
25.582272
25.582464
25.601664
25.601856
25.640256
25.640448
25.659648
25.65984
25.67904
25.679232
25.698432
25.698624
25.737024
25.775424
25.775616
25.814016
25.814208
25.833408
25.8336
25.872
25.9104
25.910592
25.929792
25.929984
25.968384
25.987584
25.987776
26.006976
26.026176
26.064576
26.064768
26.083968
26.122368
26.141568
26.160768
26.179968
26.18016
26.21856
26.218752
26.237952
26.257152
26.257344
26.276544
26.314944
26.315136
26.353536
26.372736
26.391936
26.411136
26.430336
26.430528
26.468928
26.488128
26.48832
26.52672
26.526912
26.565312
26.565504
26.584704
26.584896
26.623296
26.623488
26.642688
26.64288
26.66208
26.68128
26.71968
26.73888
26.75808
26.79648
26.81568
26.83488
26.835072
26.873472
26.873664
26.912064
26.950464
26.988864
27.027264
27.027456
27.046656
27.065856
27.066048
27.104448
27.10464
27.12384
27.16224
27.18144
27.21984
27.25824
27.258432
27.296832
27.297024
27.335424
27.335616
27.374016
27.393216
27.393408
27.412608
27.4128
27.432
27.432192
27.470592
27.470784
27.489984
27.509184
27.509376
27.528576
27.528768
27.567168
27.586368
27.58656
27.60576
27.64416
27.644352
27.682752
27.682944
27.702144
27.721344
27.721536
27.759936
27.760128
27.779328
27.817728
27.856128
27.894528
27.89472
27.93312
27.97152
28.00992
28.010112
28.029312
28.029504
28.067904
28.106304
28.144704
28.163904
28.183104
28.183296
28.221696
28.221888
28.260288
28.26048
28.27968
28.31808
28.35648
28.39488
28.395072
28.414272
28.414464
28.452864
28.453056
28.491456
28.491648
28.510848
28.51104
28.54944
28.549632
28.568832
28.607232
28.626432
28.626624
28.645824
28.646016
28.665216
28.665408
28.684608
28.6848
28.7232
28.723392
28.761792
28.800192
28.800384
28.819584
28.857984
28.858176
28.896576
28.896768
28.915968
28.91616
28.93536
28.95456
28.954752
28.973952
29.012352
29.031552
29.069952
29.070144
29.089344
29.108544
29.146944
29.147136
29.166336
29.185536
29.204736
29.223936
29.243136
29.262336
29.262528
29.281728
29.320128
29.358528
29.35872
29.37792
29.41632
29.416512
29.454912
29.493312
29.512512
29.512704
29.551104
29.551296
29.570496
29.570688
29.609088
29.628288
29.62848
29.66688
29.70528
29.705472
29.724672
29.743872
29.763072
29.763264
29.801664
29.840064
29.840256
29.859456
29.859648
29.898048
29.89824
29.91744
29.917632
29.936832
29.937024
29.975424
29.994624
29.994816
30.014016
30.033216
30.071616
30.071808
30.110208
30.1104
30.1296
30.129792
30.148992
30.149184
30.168384
30.168576
30.206976
30.245376
30.264576
30.302976
30.341376
30.379776
30.398976
30.399168
30.437568
30.456768
30.475968
30.495168
30.533568
30.53376
30.57216
30.59136
30.62976
30.64896
30.66816
30.70656
30.74496
30.76416
30.764352
30.783552
30.783744
30.822144
30.822336
30.860736
30.879936
30.880128
30.899328
30.89952
30.93792
30.95712
30.97632
31.01472
31.03392
31.034112
31.053312
31.091712
31.110912
31.111104
31.130304
31.130496
31.168896
31.188096
31.226496
31.226688
31.265088
31.26528
31.30368
31.303872
31.342272
31.380672
31.380864
31.419264
31.419456
31.457856
31.496256
31.496448
31.515648
31.51584
31.55424
31.57344
31.573632
31.612032
31.631232
31.631424
31.650624
31.650816
31.689216
31.727616
31.766016
31.804416
31.804608
31.823808
31.862208
31.881408
31.8816
31.9008
31.900992
31.939392
31.977792
31.977984
31.997184
32.016384
32.016576
32.054976
32.055168
32.074368
32.093568
32.09376
32.11296
32.15136
32.17056
32.18976
32.189952
32.209152
32.209344
32.247744
32.266944
32.267136
32.305536
32.343936
32.344128
32.382528
32.401728
32.440128
32.478528
32.497728
32.49792
32.51712
32.53632
32.55552
32.57472
32.61312
32.613312
32.651712
32.690112
32.690304
32.728704
32.728896
32.767296
32.767488
32.786688
32.78688
32.80608
32.806272
32.825472
32.863872
32.883072
32.921472
32.959872
32.998272
32.998464
33.017664
33.036864
33.037056
33.075456
33.075648
33.094848
33.09504
33.11424
33.15264
33.152832
33.172032
33.172224
33.210624
33.229824
33.268224
33.268416
33.287616
33.287808
33.326208
33.3264
33.3456
33.3648
33.364992
33.403392
33.403584
33.422784
33.441984
33.442176
33.461376
33.461568
33.480768
33.48096
33.50016
33.500352
33.538752
33.577152
33.577344
33.596544
33.615744
33.615936
33.635136
33.635328
33.654528
33.65472
33.69312
33.693312
33.731712
33.731904
33.751104
33.751296
33.789696
33.789888
33.828288
33.82848
33.84768
33.847872
33.867072
33.867264
33.886464
33.924864
33.944064
33.963264
33.963456
33.982656
33.982848
34.002048
34.00224
34.02144
34.021632
34.040832
34.041024
34.060224
34.060416
34.079616
34.098816
34.099008
34.118208
34.156608
34.195008
34.233408
34.271808
34.291008
34.329408
34.348608
34.387008
34.425408
34.4256
34.464
34.4832
34.483392
34.502592
34.502784
34.521984
34.522176
34.560576
34.560768
34.579968
34.58016
34.59936
34.599552
34.618752
34.618944
34.657344
34.676544
34.695744
34.714944
34.734144
34.772544
34.772736
34.811136
34.830336
34.849536
34.849728
34.888128
34.88832
34.90752
34.907712
34.946112
34.965312
34.965504
35.003904
35.004096
35.023296
35.042496
35.061696
35.061888
35.100288
35.10048
35.11968
35.119872
35.158272
35.177472
35.177664
35.196864
35.197056
35.216256
35.235456
35.235648
35.254848
35.293248
35.331648
35.370048
35.37024
35.38944
35.42784
35.44704
35.447232
35.466432
35.466624
35.505024
35.505216
35.543616
35.582016
35.582208
35.620608
35.659008
35.678208
35.697408
35.735808
35.774208
35.793408
35.7936
35.832
35.832192
35.851392
35.851584
35.889984
35.928384
35.966784
35.966976
36.005376
36.005568
36.024768
36.02496
36.04416
36.044352
36.082752
36.082944
36.121344
36.121536
36.159936
36.179136
36.198336
36.236736
36.275136
36.294336
36.332736
36.332928
36.352128
36.371328
36.37152
36.40992
36.410112
36.448512
36.448704
36.467904
36.468096
36.506496
36.544896
36.545088
36.564288
36.583488
36.621888
36.62208
36.66048
36.67968
36.71808
36.75648
36.77568
36.79488
36.795072
36.833472
36.852672
36.871872
36.910272
36.910464
36.929664
36.929856
36.949056
36.987456
37.006656
37.025856
37.026048
37.064448
37.083648
37.122048
37.12224
37.16064
37.17984
37.180032
37.218432
37.218624
37.257024
37.257216
37.295616
37.314816
37.353216
37.353408
37.372608
37.411008
37.4112
37.4304
37.4688
37.5072
37.5264
37.5456
37.584
37.584192
37.603392
37.622592
37.622784
37.661184
37.661376
37.680576
37.680768
37.719168
37.757568
37.75776
37.79616
37.796352
37.834752
37.834944
37.873344
37.873536
37.911936
37.950336
37.950528
37.988928
37.98912
38.00832
38.008512
38.046912
38.066112
38.066304
38.085504
38.104704
38.104896
38.124096
38.124288
38.162688
38.16288
38.18208
38.182272
38.220672
38.259072
38.297472
38.297664
38.336064
38.374464
38.412864
38.413056
38.451456
38.489856
38.509056
38.547456
38.547648
38.566848
38.56704
38.60544
38.64384
38.68224
38.682432
38.701632
38.701824
38.721024
38.721216
38.759616
38.798016
38.817216
38.817408
38.836608
38.875008
38.8752
38.9136
38.913792
38.952192
38.971392
38.971584
38.990784
38.990976
39.010176
39.029376
39.029568
39.048768
39.04896
39.08736
39.12576
39.16416
39.20256
39.202752
39.221952
39.260352
39.279552
39.279744
39.298944
39.337344
39.356544
39.394944
39.395136
39.414336
39.433536
39.452736
39.452928
39.491328
39.49152
39.51072
39.54912
39.58752
39.587712
39.626112
39.645312
39.664512
39.664704
39.683904
39.703104
39.703296
39.722496
39.741696
39.760896
39.761088
39.780288
39.78048
39.79968
39.83808
39.85728
39.87648
39.91488
39.915072
39.953472
39.953664
39.992064
40.030464
40.030656
40.069056
40.069248
40.107648
40.10784
40.14624
40.146432
40.165632
40.184832
40.185024
40.204224
40.242624
40.261824
40.262016
40.281216
40.281408
40.319808
40.339008
40.3392
40.3584
40.358592
40.377792
40.377984
40.416384
40.435584
40.435776
40.454976
40.455168
40.493568
40.49376
40.53216
40.532352
40.551552
40.551744
40.590144
40.590336
40.609536
40.609728
40.628928
40.62912
40.64832
40.68672
40.70592
40.706112
40.744512
40.763712
40.782912
40.783104
40.802304
40.821504
40.840704
40.840896
40.879296
40.879488
40.898688
40.89888
40.93728
40.937472
40.956672
40.995072
40.995264
41.014464
41.014656
41.033856
41.072256
41.072448
41.110848
41.149248
41.14944
41.18784
41.188032
41.207232
41.226432
41.226624
41.245824
41.246016
41.284416
41.284608
41.323008
41.361408
41.3616
41.3808
41.4192
41.4576
41.457792
41.496192
41.515392
41.534592
41.572992
41.592192
41.630592
41.649792
41.688192
41.707392
41.707584
41.745984
41.746176
41.784576
41.822976
41.823168
41.842368
41.84256
41.86176
41.88096
41.91936
41.919552
41.938752
41.938944
41.977344
42.015744
42.054144
42.073344
42.111744
42.150144
42.150336
42.188736
42.227136
42.227328
42.265728
42.304128
42.342528
42.361728
42.400128
42.419328
42.41952
42.45792
42.49632
42.496512
42.515712
42.554112
42.573312
42.573504
42.592704
42.592896
42.631296
42.669696
42.708096
42.708288
42.727488
42.72768
42.76608
42.78528
42.82368
42.823872
42.862272
42.881472
42.881664
42.900864
42.901056
42.920256
42.920448
42.939648
42.958848
42.95904
42.97824
42.978432
43.016832
43.036032
43.036224
43.074624
43.093824
43.094016
43.113216
43.113408
43.151808
43.171008
43.190208
43.1904
43.2288
43.248
43.248192
43.286592
43.324992
43.325184
43.363584
43.363776
43.382976
43.421376
43.421568
43.440768
43.44096
43.46016
43.49856
43.53696
43.57536
43.59456
43.63296
43.633152
43.652352
43.690752
43.690944
43.710144
43.729344
43.748544
43.786944
43.787136
43.806336
43.806528
43.844928
43.84512
43.88352
43.90272
43.902912
43.922112
43.922304
43.941504
43.941696
43.960896
43.980096
43.980288
44.018688
44.037888
44.03808
44.07648
44.09568
44.13408
44.17248
44.21088
44.24928
44.249472
44.268672
44.307072
44.307264
44.326464
44.364864
44.365056
44.403456
44.422656
44.441856
44.442048
44.461248
44.46144
44.49984
44.500032
44.519232
44.557632
44.596032
44.596224
44.615424
44.615616
44.634816
44.635008
44.654208
44.6544
44.6928
44.712
44.712192
44.731392
44.731584
44.769984
44.770176
44.808576
44.846976
44.847168
44.866368
44.885568
44.88576
44.90496
44.94336
44.943552
44.981952
45.020352
45.039552
45.058752
45.058944
45.078144
45.116544
45.116736
45.155136
45.155328
45.174528
45.17472
45.19392
45.23232
45.25152
45.251712
45.290112
45.328512
45.328704
45.347904
45.367104
45.386304
45.386496
45.424896
45.425088
45.463488
45.482688
45.501888
45.50208
45.52128
45.54048
45.55968
45.59808
45.598272
45.636672
45.636864
45.675264
45.675456
45.694656
45.694848
45.714048
45.733248
45.752448
45.75264
45.79104
45.791232
45.810432
45.810624
45.829824
45.849024
45.849216
45.887616
45.926016
45.964416
45.964608
46.003008
46.022208
46.0224
46.0416
46.041792
46.080192
46.099392
46.118592
46.137792
46.156992
46.195392
46.195584
46.214784
46.253184
46.272384
46.272576
46.291776
46.291968
46.330368
46.33056
46.36896
46.369152
46.407552
46.445952
46.446144
46.465344
46.465536
46.503936
46.542336
46.561536
46.561728
46.600128
46.638528
46.676928
46.67712
46.69632
46.696512
46.715712
46.754112
46.773312
46.773504
46.811904
46.812096
46.850496
46.850688
46.869888
46.87008
46.88928
46.90848
46.94688
46.96608
46.966272
46.985472
46.985664
47.004864
47.005056
47.043456
47.062656
47.101056
47.101248
47.120448
47.12064
47.15904
47.17824
47.178432
47.216832
47.236032
47.274432
47.312832
47.351232
47.389632
47.389824
47.428224
47.466624
47.466816
47.486016
47.486208
47.524608
47.5248
47.5632
47.563392
47.601792
47.601984
47.621184
47.640384
47.678784
47.678976
47.717376
47.736576
47.774976
47.794176
47.794368
47.813568
47.832768
47.83296
47.85216
47.87136
47.871552
47.890752
47.890944
47.910144
47.948544
47.967744
48.006144
48.044544
48.044736
48.063936
48.083136
48.102336
48.140736
48.179136
48.198336
48.198528
48.236928
48.256128
48.275328
48.27552
48.29472
48.33312
48.35232
48.352512
48.390912
48.391104
48.429504
48.448704
48.487104
48.487296
48.506496
48.544896
48.545088
48.564288
48.56448
48.58368
48.583872
48.603072
48.622272
48.660672
48.660864
48.699264
48.699456
48.718656
48.718848
48.738048
48.776448
48.795648
48.834048
48.83424
48.87264
48.872832
48.911232
48.911424
48.930624
48.930816
48.969216
48.969408
48.988608
48.9888
49.008
49.0464
49.046592
49.084992
49.085184
49.123584
49.142784
49.142976
49.181376
49.181568
49.219968
49.22016
49.25856
49.258752
49.277952
49.278144
49.316544
49.316736
49.335936
49.336128
49.374528
49.412928
49.41312
49.45152
49.451712
49.470912
49.471104
49.509504
49.528704
49.528896
49.567296
49.567488
49.605888
49.644288
49.64448
49.68288
49.72128
49.75968
49.759872
49.779072
49.779264
49.798464
49.798656
49.817856
49.837056
49.837248
49.875648
49.87584
49.91424
49.914432
49.952832
49.953024
49.972224
49.972416
50.010816
50.011008
50.030208
50.0304
50.0688
50.068992
50.107392
50.107584
50.145984
50.184384
50.203584
50.241984
50.280384
50.299584
50.299776
50.338176
50.338368
50.357568
50.376768
50.37696
50.41536
50.43456
50.45376
50.453952
50.473152
50.473344
50.511744
50.550144
50.550336
50.588736
50.607936
50.608128
50.627328
50.62752
50.64672
50.66592
50.68512
50.72352
50.76192
50.762112
50.781312
50.781504
50.800704
50.839104
50.877504
50.877696
50.916096
50.935296
50.973696
51.012096
51.012288
51.050688
51.05088
51.07008
51.070272
51.108672
51.108864
51.128064
51.128256
51.166656
51.205056
51.224256
51.243456
51.243648
51.262848
51.282048
51.301248
51.339648
51.358848
51.378048
51.37824
51.41664
51.416832
51.455232
51.474432
51.493632
51.493824
51.513024
51.532224
51.551424
51.551616
51.570816
51.571008
51.590208
51.628608
51.647808
51.648
51.6864
51.686592
51.724992
51.725184
51.744384
51.782784
51.782976
51.802176
51.840576
51.878976
51.879168
51.898368
51.89856
51.93696
51.937152
51.956352
51.975552
52.013952
52.014144
52.052544
52.090944
52.091136
52.129536
52.129728
52.168128
52.16832
52.20672
52.206912
52.226112
52.226304
52.264704
52.283904
52.303104
52.303296
52.322496
52.322688
52.341888
52.34208
52.38048
52.380672
52.419072
52.419264
52.457664
52.476864
52.477056
52.515456
52.515648
52.554048
52.55424
52.57344
52.59264
52.61184
52.612032
52.650432
52.650624
52.669824
52.689024
52.689216
52.708416
52.708608
52.727808
52.747008
52.7472
52.7856
52.824
52.8624
52.862592
52.900992
52.920192
52.920384
52.939584
52.939776
52.978176
52.978368
52.997568
52.99776
53.01696
53.017152
53.036352
53.055552
53.074752
53.093952
53.132352
53.132544
53.170944
53.171136
53.190336
53.209536
53.209728
53.228928
53.267328
53.305728
53.30592
53.34432
53.344512
53.363712
53.382912
53.383104
53.402304
53.440704
53.459904
53.460096
53.479296
53.479488
53.498688
53.517888
53.556288
53.55648
53.59488
53.63328
53.67168
53.69088
53.71008
53.710272
53.748672
53.748864
53.787264
53.787456
53.806656
53.845056
53.845248
53.883648
53.88384
53.90304
53.903232
53.922432
53.941632
53.941824
53.980224
53.980416
54.018816
54.019008
54.038208
54.0384
54.0768
54.096
54.096192
54.134592
54.134784
54.173184
54.211584
54.249984
54.250176
54.269376
54.269568
54.288768
54.28896
54.30816
54.32736
54.327552
54.346752
54.365952
54.385152
54.385344
54.423744
54.462144
54.462336
54.500736
54.539136
54.558336
54.596736
54.615936
54.616128
54.635328
54.63552
54.67392
54.69312
54.693312
54.731712
54.731904
54.751104
54.751296
54.770496
54.770688
54.789888
54.809088
54.847488
54.885888
54.88608
54.92448
54.96288
54.963072
55.001472
55.020672
55.059072
55.059264
55.078464
55.097664
55.136064
55.155264
55.155456
55.193856
55.232256
55.270656
55.309056
55.328256
55.328448
55.347648
55.34784
55.38624
55.42464
55.46304
55.50144
55.501632
55.520832
55.521024
55.559424
55.578624
55.578816
55.617216
55.617408
55.636608
55.6368
55.6752
55.6944
55.7328
55.752
55.752192
55.790592
55.809792
55.809984
55.848384
55.867584
55.886784
55.905984
55.925184
55.944384
55.982784
55.982976
56.021376
56.040576
56.059776
56.078976
56.079168
56.098368
56.117568
56.136768
56.155968
56.175168
56.213568
56.232768
56.251968
56.271168
56.309568
56.30976
56.32896
56.36736
56.40576
56.44416
56.46336
56.463552
56.501952
56.521152
56.559552
56.559744
56.578944
56.579136
56.617536
56.655936
56.694336
56.713536
56.713728
56.732928
56.752128
56.771328
56.809728
56.80992
56.84832
56.88672
56.886912
56.906112
56.906304
56.925504
56.944704
56.983104
56.983296
57.021696
57.040896
57.041088
57.079488
57.098688
57.09888
57.13728
57.137472
57.156672
57.195072
57.195264
57.214464
57.252864
57.291264
57.329664
57.329856
57.368256
57.368448
57.387648
57.38784
57.42624
57.46464
57.464832
57.503232
57.541632
57.580032
57.580224
57.618624
57.637824
57.638016
57.676416
57.714816
57.715008
57.753408
57.7536
57.7728
57.772992
57.811392
57.849792
57.849984
57.888384
57.888576
57.926976
57.927168
57.965568
57.96576
58.00416
58.004352
58.023552
58.042752
58.042944
58.081344
58.119744
58.158144
58.158336
58.177536
58.177728
58.196928
58.19712
58.21632
58.216512
58.254912
58.293312
58.293504
58.312704
58.331904
58.332096
58.370496
58.408896
58.428096
58.466496
58.466688
58.485888
58.505088
58.543488
58.54368
58.56288
58.58208
58.60128
58.601472
58.639872
58.659072
58.659264
58.697664
58.736064
58.736256
58.755456
58.793856
58.832256
58.832448
58.870848
58.87104
58.89024
58.92864
58.94784
58.98624
59.02464
59.024832
59.044032
59.044224
59.082624
59.101824
59.102016
59.121216
59.159616
59.178816
59.179008
59.217408
59.2176
59.2368
59.256
59.2752
59.3136
59.313792
59.352192
59.390592
59.428992
59.448192
59.448384
59.486784
59.525184
59.563584
59.563776
59.602176
59.602368
59.640768
59.659968
59.66016
59.67936
59.679552
59.698752
59.698944
59.718144
59.737344
59.737536
59.756736
59.756928
59.795328
59.833728
59.83392
59.87232
59.89152
59.91072
59.94912
59.96832
59.98752
60.00672
60.006912
60.045312
60.064512
60.064704
60.083904
60.103104
60.103296
60.122496
60.122688
60.161088
60.180288
60.18048
60.21888
60.23808
60.27648
60.276672
60.315072
60.353472
60.391872
60.392064
60.411264
60.411456
60.430656
60.469056
60.488256
60.507456
60.507648
60.526848
60.52704
60.54624
60.546432
60.584832
60.623232
60.642432
60.642624
60.661824
60.662016
60.681216
60.719616
60.738816
60.739008
60.758208
60.7584
60.7776
60.777792
60.796992
60.797184
60.816384
60.854784
60.893184
60.893376
60.912576
60.950976
60.989376
60.989568
61.008768
61.00896
61.02816
61.028352
61.047552
61.066752
61.066944
61.086144
61.105344
61.105536
61.124736
61.163136
61.182336
61.182528
61.220928
61.22112
61.24032
61.25952
61.259712
61.298112
61.336512
61.355712
61.394112
61.432512
61.432704
61.451904
61.471104
61.471296
61.490496
61.509696
61.528896
61.567296
61.567488
61.605888
61.625088
61.62528
61.64448
61.644672
61.663872
61.664064
61.702464
61.740864
61.741056
61.779456
61.779648
61.818048
61.81824
61.83744
61.87584
61.876032
61.914432
61.914624
61.933824
61.953024
61.972224
61.991424
62.010624
62.010816
62.030016
62.049216
62.049408
62.068608
62.0688
62.088
62.1072
62.1456
62.145792
62.184192
62.184384
62.203584
62.203776
62.242176
62.280576
62.280768
62.319168
62.338368
62.33856
62.37696
62.41536
62.43456
62.434752
62.473152
62.492352
62.511552
62.511744
62.530944
62.550144
62.550336
62.569536
62.569728
62.608128
62.60832
62.64672
62.646912
62.685312
62.685504
62.704704
62.723904
62.743104
62.762304
62.781504
62.819904
62.858304
62.896704
62.915904
62.954304
62.954496
62.992896
63.031296
63.031488
63.050688
63.089088
63.127488
63.12768
63.14688
63.18528
63.185472
63.204672
63.223872
63.243072
63.262272
63.262464
63.300864
63.301056
63.320256
63.320448
63.358848
63.397248
63.435648
63.474048
63.512448
63.51264
63.53184
63.532032
63.551232
63.570432
63.570624
63.609024
63.609216
63.647616
63.686016
63.686208
63.705408
63.7056
63.7248
63.724992
63.763392
63.782592
63.782784
63.801984
63.802176
63.821376
63.821568
63.840768
63.84096
63.86016
63.87936
63.89856
63.91776
63.93696
63.95616
63.956352
63.975552
63.975744
63.994944
63.995136
64.014336
64.052736
64.052928
64.091328
64.129728
64.148928
64.187328
64.225728
64.264128
64.302528
64.30272
64.34112
64.341312
64.379712
64.418112
64.418304
64.456704
64.456896
64.495296
64.533696
64.533888
64.553088
64.55328
64.59168
64.63008
64.630272
64.649472
64.649664
64.688064
64.688256
64.707456
64.707648
64.746048
64.765248
64.803648
64.822848
64.842048
64.861248
64.86144
64.89984
64.900032
64.919232
64.938432
64.957632
64.996032
65.015232
65.015424
65.034624
65.034816
65.073216
65.092416
65.092608
65.111808
65.112
65.1312
65.131392
65.150592
65.150784
65.169984
65.189184
65.189376
65.227776
65.227968
65.266368
65.26656
65.30496
65.32416
65.324352
65.343552
65.362752
65.381952
65.401152
65.401344
65.439744
65.439936
65.459136
65.497536
65.516736
65.535936
65.536128
65.555328
65.55552
65.59392
65.63232
65.65152
65.67072
65.68992
65.690112
65.728512
65.747712
65.786112
65.805312
65.824512
65.862912
65.882112
65.901312
65.901504
65.939904
65.940096
65.959296
65.959488
65.997888
65.99808
66.03648
66.05568
66.055872
66.094272
66.094464
66.132864
66.133056
66.171456
66.209856
66.210048
66.248448
66.24864
66.26784
66.28704
66.30624
66.34464
66.38304
66.42144
66.421632
66.440832
66.441024
66.479424
66.517824
66.518016
66.556416
66.594816
66.614016
66.614208
66.652608
66.691008
66.729408
66.7296
66.7488
66.748992
66.768192
66.768384
66.806784
66.806976
66.845376
66.883776
66.902976
66.903168
66.922368
66.92256
66.94176
66.98016
66.980352
67.018752
67.057152
67.057344
67.076544
67.076736
67.095936
67.096128
67.134528
67.172928
67.17312
67.21152
67.24992
67.26912
67.30752
67.307712
67.346112
67.346304
67.365504
67.365696
67.404096
67.442496
67.442688
67.461888
67.46208
67.50048
67.500672
67.539072
67.558272
67.558464
67.596864
67.597056
67.616256
67.635456
67.654656
67.654848
67.693248
67.712448
67.731648
67.750848
67.75104
67.78944
67.789632
67.808832
67.809024
67.828224
67.866624
67.885824
67.924224
67.924416
67.962816
67.963008
68.001408
68.039808
68.04
68.0784
68.1168
68.1552
68.155392
68.193792
68.212992
68.213184
68.251584
68.251776
68.270976
68.290176
68.309376
68.309568
68.328768
68.347968
68.386368
68.405568
68.40576
68.44416
68.46336
68.50176
68.501952
68.521152
68.521344
68.559744
68.559936
68.598336
68.598528
68.617728
68.636928
68.656128
68.694528
68.69472
68.73312
68.733312
68.752512
68.752704
68.791104
68.810304
68.810496
68.829696
68.848896
68.887296
68.925696
68.964096
68.964288
69.002688
69.00288
69.02208
69.06048
69.09888
69.13728
69.15648
69.156672
69.175872
69.195072
69.195264
69.214464
69.252864
69.291264
69.310464
69.310656
69.349056
69.349248
69.387648
69.38784
69.42624
69.46464
69.48384
69.50304
69.52224
69.56064
69.59904
69.599232
69.618432
69.618624
69.637824
69.638016
69.676416
69.714816
69.753216
69.753408
69.772608
69.7728
69.792
69.792192
69.830592
69.868992
69.888192
69.888384
69.907584
69.907776
69.926976
69.927168
69.965568
69.96576
70.00416
70.02336
70.06176
70.10016
70.13856
70.138752
70.177152
70.177344
70.215744
70.254144
70.292544
70.292736
70.331136
70.369536
70.369728
70.408128
70.40832
70.44672
70.46592
70.466112
70.485312
70.485504
70.523904
70.562304
70.600704
70.639104
70.677504
70.715904
70.716096
70.735296
70.754496
70.754688
70.793088
70.812288
70.81248
70.85088
70.88928
70.92768
70.927872
70.947072
70.985472
71.023872
71.024064
71.043264
71.081664
71.120064
71.120256
71.139456
71.139648
71.158848
71.15904
71.19744
71.23584
71.27424
71.31264
71.312832
71.351232
71.370432
71.408832
71.409024
71.447424
71.447616
71.466816
71.486016
71.486208
71.505408
71.5056
71.5248
71.5632
71.563392
71.601792
71.601984
71.621184
71.659584
71.659776
71.698176
71.698368
71.736768
71.755968
71.75616
71.79456
71.794752
71.833152
71.833344
71.852544
71.852736
71.891136
71.929536
71.929728
71.968128
72.006528
72.00672
72.02592
72.06432
72.064512
72.102912
72.103104
72.141504
72.141696
72.180096
72.180288
72.218688
72.257088
72.295488
72.333888
72.33408
72.35328
72.353472
72.372672
72.411072
72.449472
72.449664
72.468864
72.469056
72.488256
72.488448
72.507648
72.526848
72.546048
72.54624
72.58464
72.584832
72.604032
72.604224
72.623424
72.661824
72.662016
72.681216
72.719616
72.719808
72.758208
72.796608
72.7968
72.816
72.8352
72.835392
72.854592
72.873792
72.912192
72.931392
72.969792
72.988992
73.008192
73.027392
73.065792
73.104192
73.104384
73.123584
73.123776
73.142976
73.143168
73.162368
73.200768
73.20096
73.23936
73.239552
73.258752
73.277952
73.316352
73.335552
73.335744
73.374144
73.374336
73.412736
73.412928
73.451328
73.45152
73.48992
