0.00000
0.00040
0.00080
0.00120
0.20120
0.20160
0.20200
0.40200
0.40240
0.44240
0.56240
0.56280
0.56320
0.56360
0.64360
0.64400
0.64440
0.64480
0.76480
0.76520
0.76560
0.76600
0.76640
0.96640
0.96680
0.96720
0.96760
0.96800
1.04800
1.04840
1.04880
1.04920
1.04960
1.12960
1.13000
1.13040
1.25040
1.33040
1.33080
1.33120
1.49120
1.49160
1.65160
1.65200
1.85200
1.85240
1.97240
1.97280
1.97320
1.97360
2.09360
2.09400
2.09440
2.29440
2.29480
2.29520
2.29560
2.29600
2.33600
2.33640
2.53640
2.53680
2.53720
2.53760
2.65760
2.65800
2.65840
2.73840
2.89840
2.89880
2.89920
2.89960
3.09960
3.10000
3.10040
3.30040
3.30080
3.30120
3.30160
3.30200
3.50200
3.50240
3.50280
3.66280
3.66320
3.66360
3.66400
3.86400
3.86440
3.86480
3.90480
4.06480
4.06520
4.06560
4.06600
4.06640
4.18640
4.18680
4.22680
4.22720
4.22760
4.22800
4.22840
4.42840
4.50840
4.70840
4.70880
4.70920
4.74920
4.82920
4.82960
4.83000
4.99000
4.99040
4.99080
4.99120
5.15120
5.15160
5.15200
5.15240
5.15280
5.35280
5.55280
5.55320
5.55360
5.55400
5.75400
5.75440
5.75480
5.79480
5.79520
5.79560
5.95560
5.95600
5.95640
5.95680
5.99680
5.99720
6.15720
6.31720
6.31760
6.31800
6.31840
6.31880
6.43880
6.43920
6.43960
6.55960
6.56000
6.56040
6.56080
6.56120
6.60120
6.60160
6.60200
6.80200
6.80240
6.80280
6.80320
7.00320
7.00360
7.00400
7.16400
7.16440
7.16480
7.16520
7.16560
7.28560
7.28600
7.28640
7.28680
7.36680
7.44680
7.44720
7.48720
7.48760
7.48800
7.52800
7.56800
7.56840
7.68840
7.68880
7.68920
7.68960
7.69000
7.73000
7.73040
7.73080
7.89080
7.89120
7.89160
7.89200
7.89240
7.97240
7.97280
7.97320
7.97360
7.97400
8.13400
8.13440
8.13480
8.13520
8.25520
8.45520
8.45560
8.45600
8.65600
8.65640
8.65680
8.65720
8.81720
8.81760
8.81800
8.81840
8.81880
8.93880
8.93920
8.93960
9.13960
9.14000
9.14040
9.14080
9.18080
9.18120
9.34120
9.34160
9.34200
9.34240
9.34280
9.54280
9.54320
9.70320
9.70360
9.70400
9.70440
9.70480
9.86480
10.06480
10.06520
10.06560
10.10560
10.10600
10.10640
10.26640
10.26680
10.26720
10.38720
10.38760
10.50760
10.50800
10.70800
10.70840
10.70880
10.70920
10.70960
10.78960
10.79000
10.83000
10.91000
11.07000
11.07040
11.15040
11.15080
11.15120
11.19120
11.19160
11.19200
11.19240
11.27240
11.27280
11.43280
11.63280
11.63320
11.63360
11.63400
11.63440
11.75440
11.75480
11.87480
11.87520
11.87560
11.87600
11.87640
12.07640
12.11640
12.11680
12.27680
12.27720
12.27760
12.27800
12.27840
12.43840
12.55840
12.55880
12.55920
12.67920
12.67960
12.68000
12.68040
12.80040
12.80080
12.80120
12.80160
12.80200
12.92200
13.04200
13.04240
13.04280
13.04320
13.08320
13.08360
13.12360
13.12400
13.24400
13.24440
13.28440
13.28480
13.44480
13.56480
13.56520
13.56560
13.68560
13.68600
13.68640
13.68680
13.68720
13.76720
13.88720
13.88760
13.88800
13.96800
13.96840
13.96880
14.12880
14.12920
14.12960
14.13000
14.29000
14.29040
14.37040
14.37080
14.45080
14.45120
14.45160
14.45200
14.57200
14.57240
14.61240
14.81240
14.81280
14.81320
14.81360
14.81400
14.89400
14.89440
14.89480
15.01480
15.01520
15.21520
15.21560
15.33560
15.41560
15.41600
15.41640
15.41680
15.61680
15.61720
15.61760
15.61800
15.61840
15.73840
15.73880
15.73920
15.73960
15.77960
15.78000
15.78040
15.78080
15.78120
15.82120
15.82160
15.82200
15.82240
15.98240
15.98280
15.98320
15.98360
16.14360
16.14400
16.14440
16.14480
16.22480
16.22520
16.22560
16.22600
16.30600
16.30640
16.30680
16.34680
16.34720
16.34760
16.34800
16.46800
16.58800
16.58840
16.58880
16.58920
16.58960
16.66960
16.67000
16.67040
16.83040
16.83080
16.83120
16.83160
16.83200
16.91200
16.91240
16.91280
17.03280
17.03320
17.19320
17.19360
17.19400
17.31400
17.31440
17.31480
17.31520
17.35520
17.35560
17.35600
17.35640
17.43640
17.43680
17.43720
17.43760
17.59760
17.59800
17.59840
17.59880
17.63880
17.63920
17.63960
17.64000
17.84000
17.88000
17.88040
17.96040
17.96080
18.00080
18.00120
18.08120
18.24120
18.24160
18.24200
18.24240
18.36240
18.36280
18.36320
18.40320
18.40360
18.40400
18.40440
18.56440
18.56480
18.56520
18.72520
18.72560
18.72600
18.72640
18.84640
18.84680
18.84720
18.84760
18.84800
18.96800
18.96840
19.04840
19.04880
19.24880
19.24920
19.24960
19.25000
19.33000
19.33040
19.33080
19.33120
19.33160
19.41160
19.41200
19.41240
19.41280
19.41320
19.53320
19.53360
19.53400
19.73400
19.81400
19.89400
19.89440
19.89480
19.89520
19.97520
19.97560
19.97600
20.05600
20.05640
20.13640
20.13680
20.17680
20.17720
20.17760
20.17800
20.33800
20.33840
20.33880
20.33920
20.53920
20.73920
20.73960
20.74000
20.74040
20.86040
21.06040
21.06080
21.06120
21.26120
21.26160
21.26200
21.26240
21.26280
21.30280
21.42280
21.42320
21.62320
21.62360
21.62400
21.62440
21.74440
21.74480
21.74520
21.78520
21.78560
21.78600
21.78640
21.78680
21.86680
22.06680
22.06720
22.14720
22.14760
22.22760
22.22800
22.42800
22.42840
22.42880
22.42920
22.58920
22.58960
22.59000
22.59040
22.67040
22.83040
22.83080
22.83120
22.83160
23.03160
23.03200
23.19200
23.27200
23.27240
23.39240
23.39280
23.39320
23.39360
23.59360
23.59400
23.63400
23.63440
23.63480
23.63520
23.63560
23.67560
23.67600
23.87600
23.87640
23.87680
23.87720
23.87760
24.03760
24.03800
24.03840
24.11840
24.11880
24.11920
24.11960
24.31960
24.32000
24.32040
24.36040
24.36080
24.36120
24.52120
24.52160
24.52200
24.52240
24.52280
24.60280
24.60320
24.60360
24.60400
24.76400
24.76440
24.76480
24.96480
24.96520
24.96560
24.96600
24.96640
25.12640
25.12680
25.12720
25.12760
25.16760
25.32760
25.32800
25.32840
25.32880
25.32920
25.52920
25.52960
25.64960
25.68960
25.69000
25.69040
25.73040
25.73080
25.73120
25.77120
25.77160
25.77200
25.77240
25.77280
25.81280
25.81320
25.89320
25.89360
25.89400
26.09400
26.13400
26.13440
26.13480
26.13520
26.29520
26.29560
26.37560
26.37600
26.37640
26.53640
26.69640
26.77640
26.77680
26.77720
26.77760
26.77800
26.85800
26.93800
26.93840
26.93880
26.97880
26.97920
27.13920
27.13960
27.33960
27.34000
27.38000
27.38040
27.38080
27.46080
27.46120
27.50120
27.50160
27.66160
27.66200
27.86200
27.86240
27.86280
27.86320
27.86360
28.02360
28.02400
28.02440
28.02480
28.02520
28.14520
28.14560
28.26560
28.26600
28.26640
28.26680
28.38680
28.38720
28.38760
28.38800
28.46800
28.62800
28.82800
28.82840
28.82880
28.82920
28.82960
28.94960
28.95000
28.95040
28.95080
28.95120
29.03120
29.15120
29.15160
29.31160
29.47160
29.47200
29.47240
29.47280
29.55280
29.55320
29.55360
29.67360
29.83360
29.83400
29.83440
29.83480
30.03480
30.19480
30.19520
30.19560
30.19600
30.19640
30.35640
30.39640
30.39680
30.43680
30.55680
30.55720
30.55760
30.55800
30.55840
30.63840
30.63880
30.63920
30.63960
30.64000
30.76000
30.76040
30.76080
30.76120
30.76160
30.84160
30.84200
30.84240
30.84280
30.84320
30.92320
30.92360
30.92400
30.92440
31.12440
31.12480
31.12520
31.12560
31.28560
31.28600
31.28640
31.28680
31.28720
31.44720
31.44760
31.44800
31.64800
31.76800
31.76840
31.76880
31.76920
31.92920
32.04920
32.04960
32.08960
32.09000
32.25000
32.25040
32.25080
32.25120
32.25160
32.37160
32.37200
32.37240
32.37280
32.41280
32.41320
32.41360
32.41400
32.53400
32.53440
32.53480
32.61480
32.69480
32.81480
32.81520
32.81560
32.81600
32.93600
32.93640
32.93680
32.93720
33.01720
33.05720
33.05760
33.05800
33.21800
33.21840
33.21880
33.41880
33.41920
33.41960
33.42000
33.62000
33.62040
33.74040
33.74080
33.82080
33.82120
33.82160
33.98160
33.98200
33.98240
33.98280
33.98320
34.10320
34.10360
34.10400
34.10440
34.30440
34.30480
34.30520
34.38520
34.38560
34.38600
34.38640
34.50640
34.50680
34.50720
34.50760
34.54760
34.54800
34.58800
34.58840
34.58880
34.58920
34.66920
34.66960
34.86960
34.98960
35.14960
35.15000
35.15040
35.15080
35.23080
35.31080
35.31120
35.31160
35.31200
35.43200
35.43240
35.47240
35.55240
35.63240
35.63280
35.71280
35.71320
35.71360
35.83360
35.83400
35.83440
35.83480
35.83520
35.91520
35.91560
35.91600
35.91640
35.99640
36.03640
36.03680
36.03720
36.11720
36.11760
36.11800
36.15800
36.19800
36.19840
36.19880
36.19920
36.19960
36.39960
36.40000
36.40040
36.40080
36.40120
36.56120
36.56160
36.76160
36.84160
36.84200
36.88200
36.88240
36.88280
36.88320
36.88360
37.08360
37.16360
37.16400
37.16440
37.28440
37.28480
37.28520
37.40520
37.52520
37.52560
37.52600
37.52640
37.52680
37.56680
37.56720
37.68720
37.68760
37.84760
37.84800
37.92800
37.92840
38.04840
38.16840
38.24840
38.24880
38.24920
38.24960
38.28960
38.29000
38.37000
38.37040
38.45040
38.45080
38.45120
38.45160
38.45200
38.61200
38.77200
38.77240
38.77280
38.77320
38.97320
38.97360
39.05360
39.05400
39.21400
39.21440
39.21480
39.21520
39.21560
39.25560
39.25600
39.29600
39.29640
39.29680
39.29720
39.37720
39.57720
39.65720
39.65760
39.73760
39.73800
39.93800
39.93840
39.93880
40.13880
40.13920
40.13960
40.17960
40.18000
40.18040
40.18080
40.18120
40.34120
40.34160
40.34200
40.34240
40.34280
40.54280
40.54320
40.54360
40.54400
40.74400
40.74440
40.78440
40.86440
40.86480
41.06480
41.06520
41.22520
41.22560
41.22600
41.22640
41.38640
41.38680
41.38720
41.38760
41.50760
41.50800
41.70800
41.70840
41.82840
41.82880
41.82920
41.82960
41.83000
42.03000
42.03040
42.03080
42.03120
42.19120
42.19160
42.19200
42.19240
42.19280
42.31280
42.31320
42.31360
42.31400
42.51400
42.51440
42.55440
42.55480
42.55520
42.75520
42.75560
42.79560
42.79600
42.79640
42.79680
42.83680
42.83720
42.83760
42.83800
42.99800
42.99840
42.99880
42.99920
43.03920
43.19920
43.39920
43.51920
43.51960
43.52000
43.52040
43.60040
43.60080
43.60120
43.76120
43.76160
43.76200
43.76240
43.80240
43.80280
43.92280
43.92320
43.92360
43.92400
44.00400
44.00440
44.00480
44.00520
44.16520
44.16560
44.16600
44.16640
44.16680
44.24680
44.24720
44.32720
44.32760
44.48760
44.48800
44.48840
44.48880
44.48920
44.60920
44.60960
44.61000
44.65000
44.65040
44.65080
44.65120
44.65160
44.73160
44.73200
44.73240
44.77240
44.77280
44.97280
44.97320
44.97360
45.09360
45.09400
45.09440
45.25440
45.45440
45.45480
45.45520
45.57520
45.57560
45.57600
45.77600
45.77640
45.77680
45.77720
45.77760
45.81760
46.01760
46.01800
46.01840
46.01880
46.01920
46.05920
46.05960
46.06000
46.06040
46.18040
46.18080
46.18120
46.18160
46.18200
46.30200
46.30240
46.46240
46.46280
46.46320
46.54320
46.54360
46.54400
46.58400
46.58440
46.58480
46.78480
46.78520
46.86520
46.94520
46.94560
46.94600
46.94640
47.02640
47.02680
47.18680
47.18720
47.18760
47.18800
47.18840
47.26840
47.26880
47.26920
47.26960
47.38960
47.39000
47.39040
47.39080
47.39120
47.47120
47.47160
47.63160
47.63200
47.63240
47.63280
47.67280
47.75280
47.79280
47.79320
47.79360
47.95360
47.95400
47.95440
47.95480
48.15480
48.31480
48.31520
48.31560
48.31600
48.47600
48.47640
48.47680
48.47720
48.59720
48.59760
48.75760
48.95760
48.95800
48.95840
48.99840
49.11840
49.11880
49.11920
49.11960
49.12000
49.28000
49.28040
49.28080
49.40080
49.40120
49.40160
49.40200
49.40240
49.44240
49.44280
49.44320
49.44360
49.56360
49.56400
49.56440
49.56480
49.56520
49.72520
49.72560
49.72600
49.72640
49.88640
49.88680
49.88720
49.88760
49.88800
49.96800
49.96840
49.96880
49.96920
50.08920
50.08960
50.09000
50.13000
50.13040
50.25040
50.25080
50.25120
50.25160
50.25200
50.41200
50.41240
50.41280
50.41320
50.45320
50.45360
50.45400
50.45440
50.53440
50.53480
50.73480
50.73520
50.73560
50.73600
50.73640
50.93640
50.93680
50.97680
50.97720
50.97760
50.97800
51.09800
51.09840
51.09880
51.13880
51.13920
51.21920
51.21960
51.22000
51.22040
51.42040
51.54040
51.54080
51.54120
51.54160
51.54200
51.62200
51.62240
51.78240
51.78280
51.90280
51.90320
51.90360
51.90400
52.02400
52.02440
52.22440
52.42440
52.42480
52.46480
52.46520
52.46560
52.46600
52.50600
52.54600
52.54640
52.54680
52.70680
52.78680
52.94680
52.94720
52.94760
53.02760
53.02800
53.22800
53.22840
53.22880
53.22920
53.42920
53.42960
53.43000
53.43040
53.59040
53.59080
53.59120
53.59160
53.59200
53.75200
53.87200
53.87240
53.91240
53.91280
54.03280
54.19280
54.35280
54.35320
54.39320
54.39360
54.39400
54.43400
54.47400
54.47440
54.47480
54.47520
54.55520
54.55560
54.55600
54.55640
54.55680
54.67680
54.67720
54.67760
54.67800
54.83800
54.83840
54.83880
54.83920
54.99920
54.99960
55.00000
55.20000
55.20040
55.20080
55.32080
55.32120
55.32160
55.48160
55.48200
55.48240
55.48280
55.48320
55.60320
55.60360
55.60400
55.60440
55.60480
55.72480
55.72520
55.92520
55.92560
55.92600
55.92640
56.04640
56.04680
56.04720
56.04760
56.12760
56.12800
56.32800
56.32840
56.52840
56.52880
56.72880
56.72920
56.72960
56.92960
56.93000
56.93040
56.93080
56.93120
57.09120
57.09160
57.09200
57.09240
57.09280
57.21280
57.21320
57.21360
57.21400
57.37400
57.37440
57.49440
57.49480
57.49520
57.49560
57.49600
57.69600
57.69640
57.69680
57.73680
57.73720
57.73760
57.73800
57.93800
57.93840
57.93880
57.93920
57.93960
58.05960
58.06000
58.06040
58.06080
58.14080
58.14120
58.14160
58.14200
58.26200
58.46200
58.46240
58.46280
58.46320
58.58320
58.78320
58.78360
58.78400
58.78440
58.78480
58.82480
58.82520
58.82560
58.98560
58.98600
59.18600
59.18640
59.18680
59.18720
59.18760
59.26760
59.26800
59.34800
59.34840
59.34880
59.54880
59.54920
59.66920
59.78920
59.78960
59.79000
59.79040
59.79080
59.95080
59.95120
59.95160
59.95200
59.95240
60.11240
60.11280
60.19280
60.19320
60.35320
60.35360
60.47360
60.47400
60.67400
60.67440
60.87440
60.87480
60.87520
60.91520
61.11520
61.15520
61.15560
61.15600
61.15640
61.15680
61.31680
61.51680
61.51720
61.51760
61.51800
61.55800
61.55840
61.55880
61.55920
61.55960
61.63960
61.64000
61.64040
61.68040
61.68080
61.68120
61.68160
61.84160
61.84200
61.84240
61.88240
62.00240
62.00280
62.12280
62.20280
62.36280
62.36320
62.40320
62.40360
62.40400
62.40440
62.40480
62.52480
62.52520
62.68520
62.68560
62.68600
62.68640
62.88640
62.88680
62.88720
62.88760
63.00760
63.00800
63.12800
63.12840
63.16840
63.16880
63.16920
63.16960
63.17000
63.33000
63.37000
63.49000
63.49040
63.61040
63.61080
63.81080
63.81120
63.81160
63.81200
63.89200
63.89240
63.89280
63.89320
64.05320
64.05360
64.05400
64.05440
64.09440
64.09480
64.09520
64.09560
64.17560
64.17600
64.17640
64.17680
64.37680
64.37720
64.37760
64.57760
64.57800
64.57840
64.57880
64.61880
64.61920
64.61960
64.62000
64.74000
64.74040
64.74080
64.78080
64.78120
64.78160
64.78200
64.94200
64.94240
64.98240
64.98280
64.98320
65.06320
65.06360
65.22360
65.22400
65.22440
65.22480
65.34480
65.34520
65.34560
65.34600
65.34640
65.50640
65.50680
65.50720
65.62720
65.62760
65.62800
65.62840
65.74840
65.74880
65.74920
65.74960
65.75000
65.91000
65.91040
65.91080
66.07080
66.07120
66.07160
66.11160
66.11200
66.11240
66.11280
66.27280
66.27320
66.39320
66.39360
66.55360
66.55400
66.67400
66.67440
66.79440
66.79480
66.83480
66.83520
66.83560
66.83600
66.83640
66.95640
66.95680
66.95720
67.03720
67.19720
67.35720
67.35760
67.35800
67.35840
67.35880
67.51880
67.51920
67.51960
67.52000
67.52040
67.64040
67.76040
67.92040
67.92080
67.92120
68.00120
68.00160
68.00200
68.00240
68.20240
68.20280
68.20320
68.20360
68.20400
68.40400
68.40440
68.40480
68.52480
68.64480
68.64520
68.64560
68.76560
68.76600
68.76640
68.84640
68.84680
68.84720
68.84760
68.88760
68.88800
68.88840
68.88880
69.04880
69.16880
69.20880
69.20920
69.32920
69.32960
69.33000
69.33040
69.41040
69.41080
69.41120
69.61120
69.61160
69.61200
69.73200
69.73240
69.73280
69.73320
69.73360
69.89360
69.89400
69.89440
69.89480
69.89520
69.97520
69.97560
69.97600
69.97640
69.97680
70.17680
70.25680
70.25720
70.25760
70.33760
70.33800
70.53800
70.53840
70.61840
70.81840
70.81880
70.81920
70.81960
70.82000
70.94000
70.94040
70.94080
70.94120
71.06120
71.06160
71.06200
71.06240
71.14240
71.14280
71.14320
71.14360
71.14400
71.18400
71.18440
71.18480
71.18520
71.38520
71.46520
71.46560
71.46600
71.46640
71.46680
71.66680
71.66720
71.66760
71.66800
71.78800
71.78840
71.78880
71.86880
71.86920
71.90920
71.90960
71.91000
72.11000
72.11040
72.11080
72.11120
72.11160
72.15160
72.35160
72.35200
72.35240
72.35280
72.47280
72.47320
72.47360
72.47400
72.67400
72.67440
72.67480
72.71480
72.71520
72.71560
72.71600
72.83600
72.87600
72.87640
72.87680
72.87720
72.87760
72.91760
72.91800
72.91840
72.91880
72.91920
72.95920
72.95960
72.96000
73.04000
73.04040
73.04080
73.04120
73.12120
73.28120
73.28160
73.28200
73.28240
73.28280
73.44280
73.44320
