0
0.00064
0.25664
0.25728
0.25792
0.25856
0.32256
0.3232
0.32384
0.32448
0.64448
0.64512
0.90112
1.09312
1.09376
1.34976
1.54176
1.5424
1.54304
1.60704
1.60768
1.60832
1.60896
1.6096
1.7376
1.8656
1.86624
1.86688
1.86752
2.12352
2.12416
2.1248
2.12544
2.44544
2.44608
2.44672
2.51072
2.76672
2.76736
2.768
2.76864
2.83264
2.83328
3.02528
3.02592
3.02656
3.0272
3.3472
3.6672
3.66784
3.66848
3.66912
3.66976
3.92576
3.9264
3.92704
4.18304
4.18368
4.18432
4.31232
4.31296
4.3136
4.6336
4.63424
4.63488
4.63552
4.82752
4.82816
4.8288
4.82944
5.02144
5.02208
5.02272
5.02336
5.08736
5.088
5.408
5.40864
5.40928
5.40992
5.41056
5.73056
5.85856
6.05056
6.0512
6.05184
6.05248
6.05312
6.11712
6.11776
6.1184
6.11904
6.18304
6.18368
6.31168
6.31232
6.31296
6.37696
6.3776
6.4416
6.44224
6.44288
6.69888
6.69952
6.89152
6.89216
7.21216
7.2128
7.21344
7.27744
7.27808
7.27872
7.27936
7.28
7.6
7.60064
7.85664
7.85728
7.85792
7.85856
7.92256
7.9232
7.92384
7.92448
8.05248
8.05312
8.05376
8.0544
8.05504
8.18304
8.18368
8.31168
8.31232
8.31296
8.37696
8.3776
8.37824
8.50624
8.50688
8.50752
8.50816
8.82816
8.8288
8.82944
8.95744
9.02144
9.02208
9.21408
9.21472
9.21536
9.53536
9.536
9.53664
9.53728
9.53792
9.79392
9.79456
9.7952
9.9872
9.98784
9.98848
10.24448
10.43648
10.43712
10.43776
10.4384
10.43904
10.56704
10.56768
10.69568
10.69632
10.69696
10.6976
10.69824
10.95424
10.95488
10.95552
11.08352
11.08416
11.0848
11.08544
11.14944
11.46944
11.47008
11.47072
11.47136
11.66336
11.664
11.728
11.72864
11.85664
11.85728
12.04928
12.04992
12.05056
12.0512
12.05184
12.24384
12.24448
12.37248
12.37312
12.37376
12.69376
12.75776
13.01376
13.0144
13.01504
13.01568
13.33568
13.33632
13.33696
13.3376
13.5296
13.53024
13.53088
13.53152
13.65952
13.66016
13.6608
13.9808
14.0448
14.04544
14.04608
14.04672
14.23872
14.30272
14.30336
14.304
14.30464
14.43264
14.43328
14.43392
14.43456
14.4352
14.4992
14.49984
14.50048
14.62848
14.62912
14.62976
14.6304
14.63104
14.69504
14.69568
14.69632
14.76032
14.76096
15.01696
15.0176
15.01824
15.33824
15.33888
15.33952
15.34016
15.53216
15.5328
15.53344
15.53408
15.59808
15.59872
15.85472
15.85536
16.17536
16.176
16.24
16.24064
16.24128
16.56128
16.56192
16.56256
16.69056
16.6912
16.69184
16.69248
16.82048
16.94848
16.94912
16.94976
16.9504
16.95104
17.20704
17.33504
17.33568
17.33632
17.33696
17.46496
17.72096
17.84896
17.8496
17.9776
18.0416
18.2976
18.29824
18.29888
18.55488
18.68288
18.68352
18.87552
19.13152
19.13216
19.32416
19.45216
19.4528
19.45344
19.45408
19.64608
19.64672
19.64736
19.96736
19.968
19.96864
19.96928
20.22528
20.22592
20.54592
20.54656
20.5472
20.6112
20.61184
20.61248
20.61312
20.80512
20.80576
20.8064
20.80704
21.06304
21.06368
21.06432
21.06496
21.0656
21.1936
21.19424
21.19488
21.38688
21.38752
21.38816
21.3888
21.7088
21.8368
21.83744
21.83808
21.90208
22.03008
22.03072
22.09472
22.41472
22.54272
22.79872
22.79936
22.8
22.80064
22.80128
23.05728
23.05792
23.05856
23.0592
23.05984
23.25184
23.25248
23.31648
23.50848
23.57248
23.57312
23.57376
23.5744
23.8944
23.89504
24.08704
24.08768
24.08832
24.08896
24.0896
24.4096
24.41024
24.60224
24.60288
24.85888
24.85952
24.86016
24.98816
24.9888
24.98944
24.99008
24.99072
25.05472
25.05536
25.056
25.05664
25.31264
25.31328
25.63328
25.63392
25.63456
25.76256
25.82656
26.08256
26.0832
26.08384
26.08448
26.08512
26.27712
26.46912
26.46976
26.4704
26.5984
26.59904
26.59968
26.60032
26.66432
26.79232
26.79296
26.7936
26.79424
27.11424
27.11488
27.11552
27.24352
27.24416
27.2448
27.24544
27.24608
27.56608
27.56672
27.63072
27.63136
27.632
27.63264
27.63328
27.95328
27.95392
27.95456
28.01856
28.0192
28.01984
28.14784
28.14848
28.14912
28.14976
28.1504
28.2784
28.27904
28.34304
28.34368
28.34432
28.66432
28.66496
28.6656
28.8576
28.85824
29.17824
29.17888
29.17952
29.24352
29.24416
29.2448
29.24544
29.37344
29.37408
29.37472
29.37536
29.69536
29.696
29.952
30.016
30.01664
30.01728
30.01792
30.20992
30.21056
30.2112
30.21184
30.27584
30.27648
30.27712
30.40512
30.40576
30.4064
30.5984
30.59904
30.79104
30.79168
30.79232
30.79296
30.98496
30.9856
30.98624
30.98688
31.17888
31.30688
31.49888
31.49952
31.56352
31.56416
31.62816
31.94816
32.20416
32.2048
32.20544
32.20608
32.20672
32.52672
32.52736
32.528
32.52864
32.59264
32.84864
32.84928
32.84992
32.85056
33.17056
33.1712
33.17184
33.17248
33.17312
33.23712
33.23776
33.2384
33.23904
33.23968
33.36768
33.62368
33.62432
33.62496
33.6256
33.6896
33.69024
33.69088
33.69152
34.01152
34.01216
34.0128
34.01344
34.01408
34.27008
34.27072
34.33472
34.33536
34.336
34.33664
34.59264
34.59328
34.59392
34.59456
34.72256
34.85056
34.8512
34.85184
35.10784
35.10848
35.10912
35.10976
35.17376
35.1744
35.17504
35.43104
35.43168
35.43232
35.43296
35.4336
35.6896
35.69024
35.69088
35.69152
35.69216
35.88416
35.8848
35.88544
35.88608
36.01408
36.27008
36.27072
36.27136
36.272
36.592
36.59264
36.59328
36.59392
36.91392
36.91456
36.9152
36.9792
36.97984
37.17184
37.49184
37.55584
37.55648
37.55712
37.55776
37.5584
37.6864
37.9424
38.0704
38.07104
38.07168
38.39168
38.51968
38.52032
38.58432
38.64832
38.64896
38.6496
38.65024
38.65088
38.77888
38.77952
38.78016
38.7808
38.8448
38.9728
39.1648
39.16544
39.16608
39.16672
39.16736
39.29536
39.296
39.29664
39.29728
39.36128
39.68128
39.93728
39.93792
39.93856
39.9392
39.93984
40.00384
40.00448
40.00512
40.00576
40.19776
40.1984
40.19904
40.19968
40.51968
40.52032
40.58432
40.58496
40.5856
40.58624
40.84224
40.84288
40.84352
40.97152
40.97216
40.9728
41.1648
41.16544
41.16608
41.16672
41.35872
41.35936
41.36
41.68
41.68064
41.80864
41.80928
41.93728
41.93792
42.06592
42.06656
42.0672
42.06784
42.06848
42.32448
42.32512
42.51712
42.58112
42.58176
42.64576
42.6464
42.9664
42.96704
43.09504
43.09568
43.09632
43.22432
43.22496
43.2256
43.22624
43.22688
43.41888
43.41952
43.67552
43.67616
43.6768
43.8688
43.86944
43.87008
43.87072
43.99872
43.99936
44
44.128
44.12864
44.19264
44.44864
44.44928
44.70528
44.70592
44.70656
44.7072
44.70784
44.96384
44.96448
44.96512
44.96576
44.9664
45.0944
45.09504
45.15904
45.15968
45.22368
45.22432
45.28832
45.41632
45.41696
45.4176
45.41824
45.73824
45.73888
45.73952
45.74016
45.7408
45.9328
46.1248
46.12544
46.12608
46.12672
46.12736
46.31936
46.63936
46.64
46.64064
46.89664
46.89728
46.89792
46.89856
46.96256
46.9632
46.96384
46.96448
47.28448
47.28512
47.60512
47.60576
47.6064
47.60704
47.60768
47.92768
47.92832
47.92896
48.18496
48.31296
48.50496
48.5056
48.50624
48.63424
48.63488
48.63552
48.69952
48.70016
48.7008
48.70144
48.70208
48.95808
49.02208
49.02272
49.02336
49.15136
49.152
49.15264
49.28064
49.53664
49.53728
49.53792
49.53856
49.60256
49.6032
49.60384
49.60448
49.79648
49.79712
49.86112
49.86176
49.8624
49.86304
49.86368
50.05568
50.05632
50.24832
50.24896
50.2496
50.25024
50.44224
50.44288
50.44352
50.44416
50.76416
50.7648
50.76544
50.76608
50.76672
50.83072
50.83136
51.02336
51.024
51.344
51.34464
51.34528
51.53728
51.53792
51.53856
51.66656
51.6672
51.66784
51.66848
51.66912
51.98912
51.98976
51.9904
51.99104
52.05504
52.37504
52.37568
52.37632
52.37696
52.63296
52.6336
52.63424
52.63488
52.63552
52.89152
52.89216
52.8928
52.89344
52.89408
53.08608
53.08672
53.08736
53.088
53.344
53.34464
53.34528
53.47328
53.53728
53.60128
53.60192
53.60256
53.92256
53.9232
54.2432
54.24384
54.24448
54.24512
54.43712
54.43776
54.69376
54.6944
54.69504
55.01504
55.20704
55.20768
55.20832
55.52832
55.52896
55.84896
55.8496
55.85024
55.85088
56.04288
56.04352
56.04416
56.17216
56.1728
56.17344
56.17408
56.43008
56.43072
56.43136
56.432
56.752
56.75264
56.75328
56.81728
56.81792
57.07392
57.07456
57.26656
57.2672
57.3312
57.33184
57.33248
57.58848
57.58912
57.78112
57.78176
57.7824
57.78304
57.84704
57.84768
57.84832
58.10432
58.10496
58.1056
58.2976
58.29824
58.29888
58.29952
58.30016
58.62016
58.6208
58.62144
58.81344
58.81408
58.87808
58.87872
58.87936
59.13536
59.136
59.392
59.39264
59.39328
59.39392
59.39456
59.71456
59.7152
59.71584
59.71648
59.90848
59.90912
59.90976
59.9104
59.91104
60.10304
60.10368
60.10432
60.10496
60.29696
60.2976
60.4256
60.42624
60.42688
60.68288
60.93888
60.93952
60.94016
60.9408
61.2608
61.26144
61.26208
61.26272
61.26336
61.58336
61.64736
61.648
61.64864
61.90464
61.90528
61.90592
61.90656
61.9072
62.0352
62.1632
62.16384
62.16448
62.16512
62.42112
62.54912
62.54976
62.5504
62.55104
62.55168
62.80768
62.80832
62.80896
62.8096
62.81024
63.00224
63.00288
63.06688
63.06752
63.06816
63.0688
63.2608
63.26144
63.26208
63.26272
63.39072
63.39136
63.392
63.39264
63.58464
63.58528
63.77728
63.77792
63.77856
63.97056
64.29056
64.2912
64.4192
64.41984
64.61184
64.61248
64.61312
64.61376
64.6144
64.9344
64.93504
64.93568
65.25568
65.25632
65.25696
65.2576
65.4496
65.45024
65.45088
65.45152
65.77152
65.77216
65.7728
65.77344
66.09344
66.09408
66.35008
66.35072
66.35136
66.352
66.35264
66.60864
66.60928
66.60992
66.61056
66.80256
66.8032
66.80384
66.80448
66.93248
66.93312
66.93376
66.9344
66.93504
67.06304
67.06368
67.12768
67.31968
67.32032
67.44832
67.44896
67.4496
67.45024
67.45088
67.64288
67.89888
67.89952
68.02752
68.02816
68.0288
68.02944
68.03008
68.15808
68.15872
68.15936
68.16
68.16064
68.41664
68.41728
68.41792
68.48192
68.48256
68.4832
68.7392
68.8032
68.80384
68.80448
68.80512
68.80576
69.06176
69.0624
69.3824
69.38304
69.38368
69.38432
69.57632
69.57696
69.76896
69.7696
69.9616
69.96224
70.21824
70.21888
70.21952
70.22016
70.34816
70.3488
70.34944
70.35008
70.35072
70.54272
70.54336
70.544
70.54464
70.73664
71.05664
71.05728
71.05792
71.05856
71.0592
71.2512
71.3792
71.37984
71.44384
71.76384
71.76448
71.76512
72.02112
72.02176
72.0224
72.2144
72.21504
72.21568
72.34368
72.34432
72.34496
72.3456
72.34624
72.47424
72.47488
72.47552
72.47616
72.60416
72.6048
72.60544
72.60608
72.60672
72.79872
72.79936
72.8
72.80064
72.80128
72.92928
72.99328
73.05728
73.05792
73.05856
73.0592
73.3792
73.5072
