0
0.02
0.02004
0.02804
0.03604
0.03608
0.03612
0.05212
0.05216
0.05616
0.06416
0.07616
0.0762
0.0842
0.08424
0.09224
0.09228
0.10428
0.11228
0.13228
0.13232
0.14432
0.14436
0.1444
0.14444
0.14844
0.14848
0.14852
0.14856
0.16056
0.1606
0.1726
0.17264
0.17268
0.17668
0.17672
0.17676
0.18076
0.20076
0.2008
0.20084
0.20088
0.21688
0.21692
0.22092
0.22096
0.221
0.22104
0.22108
0.22908
0.24908
0.24912
0.24916
0.2492
0.24924
0.25324
0.25328
0.25332
0.25336
0.26536
0.2654
0.26544
0.28144
0.28944
0.28948
0.30148
0.31748
0.32548
0.32552
0.32556
0.34556
0.35756
0.37356
0.3736
0.37364
0.37368
0.37372
0.39372
0.39376
0.3938
0.39384
0.40184
0.42184
0.42188
0.42192
0.42592
0.42596
0.44596
0.446
0.44604
0.44608
0.46608
0.46612
0.47412
0.47416
0.4742
0.4782
0.4822
0.48224
0.48228
0.48232
0.48236
0.49436
0.4944
0.49444
0.49448
0.50248
0.50252
0.50256
0.52256
0.5226
0.52264
0.53064
0.54664
0.54668
0.54672
0.54676
0.5468
0.5508
0.55084
0.55088
0.56688
0.56692
0.57892
0.59492
0.59496
0.595
0.59504
0.59508
0.59908
0.59912
0.59916
0.5992
0.6032
0.60324
0.60328
0.60332
0.60732
0.60736
0.6074
0.60744
0.61144
0.61148
0.62348
0.62352
0.64352
0.66352
0.66356
0.68356
0.69956
0.6996
0.69964
0.71964
0.71968
0.71972
0.72372
0.72376
0.72776
0.7278
0.7438
0.74384
0.74388
0.74788
0.74792
0.74796
0.748
0.768
0.76804
0.76808
0.76812
0.76816
0.77216
0.79216
0.81216
0.8122
0.8242
0.82424
0.82428
0.82828
0.82832
0.82836
0.8284
0.8444
0.8604
0.86044
0.86048
0.86052
0.86056
0.87256
0.8726
0.87264
0.88864
0.90864
0.90868
0.92068
0.92072
0.92076
0.9208
0.9288
0.92884
0.94884
0.94888
0.94892
0.94896
0.96496
0.965
0.96504
0.96508
0.98108
0.98112
0.98116
0.9812
0.9932
0.99324
0.99328
1.00128
1.00132
1.00136
1.0014
1.0174
1.01744
1.01748
1.01752
1.01756
1.02556
1.03756
1.04956
1.05756
1.0576
1.05764
1.07764
1.07768
1.09768
1.09772
1.09776
1.10976
1.1098
1.10984
1.10988
1.10992
1.11792
1.13392
1.14992
1.14996
1.15
1.15004
1.15008
1.17008
1.17012
1.17016
1.17416
1.1742
1.17424
1.19024
1.19028
1.19032
1.19036
1.1904
1.2104
1.21044
1.21048
1.21052
1.21852
1.23852
1.23856
1.2386
1.23864
1.23868
1.25068
1.25072
1.25076
1.2508
1.2548
1.25484
1.25488
1.25492
1.25496
1.25896
1.259
1.25904
1.26704
1.26708
1.26712
1.27512
1.27516
1.28316
1.2832
1.2872
1.2912
1.29124
1.29128
1.29132
1.29532
1.29536
1.2954
1.29544
1.29944
1.29948
1.30748
1.32348
1.32352
1.32356
1.3236
1.32364
1.33564
1.33964
1.35164
1.36764
1.36768
1.36772
1.37572
1.37576
1.3758
1.37584
1.38784
1.38788
1.38792
1.38796
1.40396
1.404
1.416
1.41604
1.41608
1.41612
1.41616
1.42416
1.44016
1.44416
1.46016
1.4602
1.46024
1.46824
1.46828
1.48428
1.48432
1.48436
1.49236
1.4924
1.4964
1.49644
1.49648
1.49652
1.49656
1.50056
1.5006
1.5086
1.50864
1.50868
1.50872
1.50876
1.51676
1.5168
1.51684
1.51688
1.51692
1.52492
1.52496
1.525
1.52504
1.52508
1.53708
1.53712
1.53716
1.54116
1.5412
1.54124
1.54924
1.54928
1.56128
1.56528
1.56532
1.57332
1.57336
1.5734
1.5934
1.59344
1.60544
1.60548
1.60552
1.62152
1.63752
1.64552
1.65352
1.67352
1.67356
1.6736
1.67364
1.68964
1.70564
1.70568
1.70572
1.70576
1.72176
1.7218
1.72184
1.72188
1.74188
1.74192
1.74196
1.742
1.74204
1.75004
1.75804
1.75808
1.75812
1.76212
1.76216
1.7622
1.76224
1.77824
1.77828
1.77832
1.77836
1.79436
1.7944
1.79444
1.79448
1.81448
1.83048
1.83052
1.83056
1.83856
1.8386
1.83864
1.83868
1.85868
1.85872
1.85876
1.8588
1.8628
1.86284
1.86288
1.86292
1.86296
1.87096
1.88296
1.883
1.903
1.90304
1.90308
1.90312
1.90316
1.90716
1.9072
1.9112
1.9232
1.92324
1.92328
1.92332
1.93532
1.93536
1.94736
1.9474
1.94744
1.94748
1.95948
1.95952
1.95956
1.9596
1.95964
1.97164
1.97168
1.97172
1.97176
1.98776
1.9878
2.0078
2.00784
2.01584
2.01588
2.02388
2.02392
2.03192
2.03196
2.032
2.03204
2.03208
2.05208
2.05212
2.05216
2.0522
2.0722
2.07224
2.07228
2.07232
2.07236
2.09236
2.10436
2.11236
2.1124
2.11244
2.13244
2.13248
2.13252
2.13256
2.13656
2.1366
2.13664
2.13668
2.14468
2.14472
2.14476
2.15276
2.16876
2.1688
2.1728
2.1808
2.18084
2.18088
2.19688
2.19692
2.19696
2.20096
2.21696
2.22096
2.221
2.225
2.22504
2.22508
2.22512
2.23312
2.24912
2.24916
2.2492
2.2612
2.26124
2.27324
2.27328
2.27332
2.27336
2.28136
2.28936
2.2894
2.28944
2.28948
2.30148
2.30152
2.30156
2.3016
2.30164
2.30964
2.30968
2.30972
2.30976
2.32576
2.32976
2.3298
2.32984
2.34184
2.34188
2.34192
2.34992
2.34996
2.35
2.354
2.35404
2.37404
2.38604
2.38608
2.38612
2.38616
2.3862
2.3942
2.4062
2.40624
2.40628
2.41028
2.41032
2.41036
2.4104
2.4304
2.43044
2.43048
2.43052
2.43056
2.44656
2.45056
2.4506
2.45064
2.45068
2.45072
2.46272
2.46276
2.4628
2.46284
2.46288
2.47088
2.47092
2.47096
2.471
2.491
2.507
2.519
2.51904
2.51908
2.52708
2.52712
2.52716
2.5272
2.52724
2.54724
2.56324
2.56328
2.58328
2.58332
2.58336
2.59936
2.5994
2.59944
2.61544
2.61548
2.61552
2.61556
2.62356
2.6236
2.6276
2.62764
2.64364
2.64368
2.64372
2.64376
2.6438
2.6518
2.65184
2.65188
2.65192
2.67192
2.67196
2.68396
2.684
2.68404
2.68408
2.68412
2.70012
2.70016
2.7002
2.70024
2.70028
2.70828
2.70832
2.71632
2.71636
2.7164
2.7364
2.73644
2.73648
2.73652
2.73656
2.74856
2.7486
2.7646
2.76464
2.76468
2.77268
2.77272
2.77672
2.77676
2.7768
2.77684
2.79284
2.79288
2.80888
2.80892
2.80896
2.809
2.80904
2.81704
2.81708
2.81712
2.81716
2.8172
2.8292
2.82924
2.84524
2.84924
2.85324
2.85328
2.85332
2.85336
2.8534
2.8574
2.85744
2.85748
2.86948
2.86952
2.88952
2.88956
2.89356
2.8936
2.8976
2.89764
2.89768
2.89772
2.90172
2.91772
2.91776
2.9178
2.91784
2.92184
2.92188
2.94188
2.94192
2.94196
2.942
2.94204
2.95004
2.96204
2.96208
2.96212
2.96216
2.97016
2.99016
2.9902
2.99024
2.99424
2.99428
2.99828
2.99832
3.01432
3.01436
3.0144
3.01444
3.03044
3.03048
3.03052
3.03056
3.0306
3.0426
3.04264
3.04268
3.04272
3.05472
3.05872
3.05876
3.0588
3.05884
3.05888
3.07088
3.07888
3.09088
3.09888
3.09892
3.09896
3.11896
3.119
3.11904
3.11908
3.13108
3.13112
3.13116
3.1312
3.1352
3.13524
3.13528
3.13928
3.14328
3.14332
3.15532
3.15536
3.17536
3.19536
3.21136
3.2114
3.21144
3.23144
3.23148
3.23152
3.23156
3.24756
3.2476
3.24764
3.25164
3.25168
3.25172
3.25176
3.2518
3.2598
3.25984
3.25988
3.25992
3.27592
3.27596
3.276
3.27604
3.27608
3.28008
3.28408
3.28412
3.28416
3.28816
3.2882
3.28824
3.28828
3.29228
3.30028
3.30032
3.31632
3.31636
3.3164
3.3204
3.32044
3.32048
3.32052
3.33252
3.34452
3.34456
3.3446
3.34464
3.36464
3.36468
3.36472
3.38472
3.38476
3.3848
3.38484
3.39684
3.39688
3.39692
3.39696
3.40496
3.405
3.40504
3.40508
3.40512
3.40912
3.40916
3.4092
3.4252
3.42524
3.42528
3.42532
3.42536
3.44136
3.44536
3.4454
3.44544
3.44548
3.44948
3.44952
3.44956
3.46556
3.4656
3.4736
3.47364
3.47368
3.47372
3.47376
3.47776
3.4778
3.47784
3.47788
3.47792
3.48192
3.48196
3.482
3.48204
3.49004
3.49008
3.49012
3.49016
3.4902
3.4982
3.5062
3.5102
3.51024
3.51028
3.51032
3.51036
3.52236
3.5224
3.52244
3.52248
3.52648
3.52652
3.52656
3.53856
3.5386
3.53864
3.53868
3.55468
3.55472
3.55476
3.55876
3.5588
3.55884
3.57484
3.57488
3.57492
3.57496
3.575
3.587
3.58704
3.59904
3.59908
3.59912
3.61512
3.61516
3.62716
3.6272
3.62724
3.64324
3.64328
3.64728
3.64732
3.64736
3.65936
3.6594
3.65944
3.67144
3.67148
3.67152
3.67156
3.69156
3.6916
3.69164
3.69168
3.69172
3.69972
3.69976
3.6998
3.7118
3.7158
3.71584
3.72384
3.73584
3.73588
3.75588
3.77188
3.77192
3.77196
3.772
3.78
3.78004
3.78008
3.78012
3.79212
3.79216
3.7922
3.79224
3.80824
3.80828
3.80832
3.80836
3.81236
3.82836
3.8284
3.82844
3.83244
3.84444
3.84448
3.84452
3.84456
3.8446
3.8566
3.85664
3.85668
3.85672
3.85676
3.86476
3.8648
3.8688
3.8888
3.88884
3.88888
3.90088
3.90092
3.90096
3.901
3.90104
3.90904
3.90908
3.92508
3.93708
3.93712
3.93716
3.9372
3.93724
3.94924
3.94928
3.96928
3.96932
3.96936
3.97336
3.98936
3.9894
3.9974
3.99744
3.99748
4.00148
4.00152
4.01352
4.01356
4.02956
4.0296
4.0456
4.04564
4.06564
4.06964
4.06968
4.06972
4.06976
4.08576
4.0858
4.1018
4.1058
4.10584
4.10588
4.10592
4.12592
4.12596
4.126
4.12604
4.12608
4.14608
4.14612
4.14616
4.1462
4.1662
4.16624
4.18224
4.18228
4.18232
4.18632
4.19032
4.19036
4.20636
4.2064
4.20644
4.22644
4.22648
4.22652
4.22656
4.2266
4.2426
4.24264
4.24268
4.24272
4.24672
4.24676
4.2468
4.24684
4.26684
4.26688
4.26692
4.27092
4.27096
4.271
4.27104
4.27108
4.28308
4.30308
4.30312
4.31112
4.31116
4.3112
4.3232
4.32324
4.32328
4.32332
4.32336
4.34336
4.3434
4.34344
4.34348
4.34352
4.34752
4.34756
4.3476
4.34764
4.35164
4.35168
4.35172
4.36772
4.36776
4.3678
4.36784
4.38384
4.40384
4.40388
4.40392
4.41192
4.41196
4.41996
4.42
4.44
4.44004
4.44008
4.45608
4.45612
4.45616
4.4562
4.4762
4.47624
4.47628
4.48028
4.49628
4.49632
4.49636
4.50436
4.5044
4.5204
4.52044
4.52048
4.54048
4.54052
4.55252
4.55256
4.5526
4.5566
4.55664
4.55668
4.57668
4.57672
4.57676
4.58876
4.5888
4.58884
4.58888
4.58892
4.59692
4.59696
4.60096
4.601
4.60104
4.60108
4.62108
4.62112
4.62116
4.63316
4.6332
4.63324
4.63724
4.63728
4.63732
4.64132
4.64136
4.66136
4.6614
4.66144
4.66148
4.67348
4.67352
4.68152
4.68156
4.6816
4.68164
4.68964
4.69764
4.69768
4.69772
4.71372
4.71376
4.7138
4.7218
4.7258
4.72584
4.72588
4.72592
4.73392
4.73396
4.734
4.73404
4.73804
4.73808
4.73812
4.73816
4.74616
4.7462
4.74624
4.74628
4.75028
4.75032
4.75432
4.75436
4.7544
4.75444
4.75448
4.76648
4.76652
4.76656
4.7666
4.76664
4.77464
4.77468
4.79468
4.79472
4.79476
4.7948
4.79484
4.80684
4.82284
4.83484
4.85484
4.85488
4.86688
4.86692
4.86696
4.88696
4.887
4.88704
4.90304
4.90308
4.90312
4.90712
4.90716
4.9072
4.9112
4.91124
4.91128
4.91132
4.92732
4.92736
4.9274
4.92744
4.92748
4.94748
4.95548
4.95552
4.95556
4.9556
4.9636
4.9676
4.96764
4.96768
4.96772
4.98372
4.98772
5.00772
5.00776
5.01576
5.0158
5.01584
5.03584
5.03588
5.03592
5.03596
5.04796
5.048
5.04804
5.05604
5.05608
5.05612
5.05616
5.06016
5.0602
5.06024
5.06028
5.07228
5.07232
5.07236
5.08836
5.0884
5.08844
5.08848
5.09648
5.09652
5.10052
5.10056
5.11656
5.1166
5.11664
5.11668
5.11672
5.12872
5.12876
5.1288
5.1448
5.14484
5.14488
5.14492
5.14892
5.14896
5.149
5.14904
5.16904
5.16908
5.17708
5.17712
5.17716
5.18516
5.1852
5.18524
5.20124
5.20128
5.20132
5.20136
5.21336
5.2134
5.21344
5.21348
5.22148
5.22152
5.22156
5.2216
5.2256
5.22564
5.22568
5.22572
5.22972
5.22976
5.23376
5.2338
5.23384
5.23784
5.23788
5.23792
5.24992
5.24996
5.25396
5.254
5.266
5.26604
5.26608
5.26612
5.28612
5.28616
5.2862
5.28624
5.28628
5.30228
5.30232
5.30236
5.30636
5.32236
5.3224
5.32244
5.32644
5.34644
5.34648
5.34652
5.34656
5.35856
5.3586
5.35864
5.37064
5.37068
5.37072
5.37076
5.39076
5.3908
5.39084
5.39088
5.39092
5.39892
5.39896
5.399
5.39904
5.39908
5.41508
5.41512
5.41516
5.4152
5.4232
5.42324
5.42328
5.42332
5.42336
5.42736
5.4274
5.42744
5.44344
5.44348
5.45948
5.47148
5.47152
5.47156
5.47956
5.4796
5.47964
5.47968
5.47972
5.49572
5.49576
5.50776
5.5078
5.5238
5.52384
5.53984
5.53988
5.53992
5.53996
5.55196
5.552
5.55204
5.56804
5.56808
5.56812
5.56816
5.5682
5.5802
5.58024
5.58028
5.58032
5.58036
5.58836
5.5884
5.58844
5.58848
5.58852
5.59252
5.59256
5.5926
5.59264
5.59268
5.59668
5.59672
5.59676
5.60076
5.62076
5.6208
5.62084
5.64084
5.64088
5.64888
5.64892
5.65692
5.65696
5.657
5.65704
5.66104
5.66108
5.66112
5.67312
5.68912
5.70112
5.72112
5.74112
5.74116
5.74916
5.7492
5.74924
5.74928
5.74932
5.76532
5.78132
5.78136
5.7814
5.8014
5.8094
5.80944
5.80948
5.80952
5.82952
5.82956
5.8296
5.82964
5.83364
5.84964
5.84968
5.84972
5.85372
5.86572
5.86576
5.8658
5.86584
5.86588
5.86988
5.86992
5.88992
5.88996
5.89
5.89004
5.90204
5.90208
5.90212
5.91012
5.91016
5.9102
5.9182
5.91824
5.93024
5.93028
5.93032
5.93036
5.9304
5.9504
5.95044
5.95048
5.96248
5.96252
5.96256
5.9626
5.96264
5.97864
5.97868
5.99068
5.99072
5.99076
5.99876
6.01076
6.0108
6.01084
6.01088
6.01888
6.01892
6.01896
6.019
6.031
6.03104
6.04704
6.04708
6.04712
6.04716
6.06716
6.0672
6.06724
6.06728
6.06732
6.08332
6.08336
6.0834
6.0914
6.09144
6.09544
6.09548
6.09552
6.09556
6.10756
6.1076
6.1196
6.11964
6.11968
6.11972
6.13172
6.13176
6.1318
6.13184
6.13188
6.14788
6.14792
6.14796
6.148
6.16
6.16004
6.16008
6.16012
6.16016
6.18016
6.1802
6.1842
6.2042
6.20424
6.20428
6.20432
6.20436
6.21636
6.2164
6.21644
6.21648
6.23248
6.23252
6.23256
6.24856
6.2486
6.24864
6.24868
6.24872
6.26472
6.26476
6.2648
6.2808
6.28084
6.28484
6.28488
6.28888
6.30488
6.30492
6.30892
6.30896
6.32896
6.34096
6.34896
6.349
6.353
6.35304
6.35308
6.35312
6.37312
6.37316
6.3732
6.37324
6.38524
6.38528
6.38532
6.38536
6.3854
6.4054
6.40544
6.40548
6.40552
6.40556
6.42556
6.4256
6.42564
6.44164
6.44168
6.44172
6.44176
6.4418
6.4578
6.45784
6.45788
6.46188
6.46192
6.46592
6.46596
6.48596
6.486
6.48604
6.50604
6.50608
6.50612
6.50616
6.52216
6.5222
6.52224
6.52228
6.52232
6.53432
6.53436
6.53836
6.54636
6.55436
6.56636
6.57436
6.58236
6.5824
6.58244
6.58248
6.58252
6.59852
6.61452
6.61456
6.63456
6.6346
6.63464
6.63468
6.63868
6.64268
6.64272
6.64276
6.6428
6.64284
6.65084
6.65088
6.65888
6.65892
6.65896
6.659
6.65904
6.67504
6.67508
6.67512
6.69112
6.69116
6.6912
6.69124
6.69128
6.69928
6.69932
6.69936
6.70736
6.71536
6.7154
6.7354
6.73544
6.73548
6.73552
6.73556
6.73956
6.7396
6.73964
6.74364
6.74368
6.74372
6.74376
6.74776
6.7478
6.74784
6.76384
6.76388
6.76392
6.76396
6.77596
6.78396
6.784
6.78404
6.78408
6.78808
6.78812
6.78816
6.80016
6.8002
6.8042
6.80424
6.80428
6.80432
6.82032
6.82036
6.82436
6.8244
6.8404
6.84044
6.84048
6.84052
6.84056
6.84456
6.8446
6.8486
6.8646
6.86464
6.87264
6.88064
6.88068
6.89268
6.89272
6.90872
6.90876
6.9088
6.90884
6.90888
6.92888
6.92892
6.92896
6.929
6.92904
6.93704
6.93708
6.93712
6.93716
6.94516
6.9452
6.94524
6.94528
6.94928
6.94932
6.94936
6.95736
6.9574
6.95744
6.97344
6.97348
6.97352
6.97356
6.9736
6.9856
6.98564
6.98568
7.00568
7.00572
7.00576
7.01776
7.0178
7.01784
7.01788
7.01792
7.03392
7.05392
7.05396
7.05796
7.058
7.05804
7.05808
7.07008
7.07012
7.09012
7.09016
7.09416
7.0942
7.1022
7.1182
7.11824
7.11828
7.11832
7.11836
7.13436
7.1344
7.1464
7.14644
7.14648
7.14652
7.14656
7.15856
7.1586
7.1786
7.17864
7.18264
7.18268
7.18272
7.20272
7.22272
7.22672
7.22676
7.2268
7.22684
7.22688
7.23488
7.23492
7.23496
7.23896
7.239
7.23904
7.25904
7.27904
7.27908
7.28308
7.28312
7.28316
7.28716
7.2872
7.28724
7.28728
7.30728
7.30732
7.30736
7.3074
7.30744
7.31544
7.31548
7.31552
7.31556
7.32756
7.3276
7.32764
7.34364
7.34368
7.34372
7.34376
7.3438
7.3598
7.35984
7.35988
7.35992
7.37192
7.37196
7.372
7.37204
7.39204
7.39208
7.39212
7.39216
7.3922
7.4082
7.40824
7.40828
7.40832
7.40836
7.41236
7.4124
7.4244
7.42444
7.42448
7.42452
7.44052
7.44056
7.4406
7.44064
7.44864
7.44868
7.45668
7.45672
7.46472
7.48472
7.48476
7.4848
7.48484
7.48488
7.48888
7.48892
7.50092
7.50492
7.50496
7.505
7.50504
7.52104
7.52504
7.52508
7.52512
7.52912
7.52916
7.5292
7.52924
7.52928
7.53328
7.53332
7.53336
7.5334
7.5414
7.5534
7.5574
7.55744
7.55748
7.55752
7.55756
7.56956
7.5696
7.56964
7.57764
7.57768
7.57772
7.57776
7.59376
7.5938
7.6018
7.6138
7.6218
7.62184
7.62584
7.62588
7.62592
7.62596
7.63396
7.634
7.646
