0
0.0000192
0.0019392
0.0019584
0.0038784
0.0077184
0.0077376
0.0115776
0.0115968
0.0135168
0.013536
0.017376
0.0173952
0.0193152
0.0193344
0.0212544
0.0250944
0.0251136
0.0270336
0.0270528
0.0308928
0.0347328
0.0385728
0.0424128
0.042432
0.046272
0.048192
0.0482112
0.0520512
0.0520704
0.0559104
0.0559296
0.0597696
0.0597888
0.0636288
0.0655488
0.0674688
0.067488
0.069408
0.0694272
0.0713472
0.0713664
0.0732864
0.0752064
0.0752256
0.0771456
0.0771648
0.0790848
0.079104
0.081024
0.084864
0.088704
0.092544
0.0925632
0.0944832
0.0983232
0.1021632
0.1040832
0.1079232
0.1079424
0.1098624
0.1098816
0.1118016
0.1137216
0.1175616
0.1175808
0.1195008
0.11952
0.12144
0.12336
0.1233792
0.1252992
0.1272192
0.1310592
0.1348992
0.1387392
0.1387584
0.1425984
0.1426176
0.1464576
0.1464768
0.1483968
0.1522368
0.152256
0.156096
0.159936
0.1599552
0.1618752
0.1618944
0.1657344
0.1657536
0.1676736
0.1695936
0.1734336
0.1734528
0.1753728
0.175392
0.177312
0.1773312
0.1811712
0.1811904
0.1850304
0.1888704
0.1927104
0.1946304
0.1946496
0.1984896
0.1985088
0.2023488
0.2061888
0.2100288
0.2119488
0.2157888
0.215808
0.219648
0.223488
0.2235072
0.2273472
0.2273664
0.2312064
0.2331264
0.2369664
0.2369856
0.2408256
0.2427456
0.2427648
0.2466048
0.246624
0.250464
0.2504832
0.2524032
0.2543232
0.2543424
0.2562624
0.2562816
0.2601216
0.2601408
0.2620608
0.2639808
0.2678208
0.26784
0.27168
0.2736
0.2736192
0.2774592
0.2774784
0.2813184
0.2832384
0.2832576
0.2851776
0.2851968
0.2871168
0.287136
0.289056
0.2890752
0.2909952
0.2910144
0.2929344
0.2929536
0.2967936
0.2968128
0.3006528
0.300672
0.302592
0.304512
0.3045312
0.3083712
0.3122112
0.3141312
0.3141504
0.3179904
0.3180096
0.3199296
0.3199488
0.3218688
0.321888
0.325728
0.3257472
0.3276672
0.3295872
0.3315072
0.3315264
0.3353664
0.3353856
0.3373056
0.3411456
0.3411648
0.3430848
0.343104
0.345024
0.3450432
0.3469632
0.3488832
0.3489024
0.3508224
0.3546624
0.3585024
0.3585216
0.3623616
0.3662016
0.3700416
0.3700608
0.3719808
0.372
0.37584
0.37968
0.3796992
0.3835392
0.3854592
0.3854784
0.3873984
0.3893184
0.3912384
0.3931584
0.3931776
0.3950976
0.3970176
0.4008576
0.4008768
0.4047168
0.4066368
0.4104768
0.410496
0.414336
0.418176
0.422016
0.425856
0.4258752
0.4297152
0.4316352
0.4335552
0.4373952
0.4374144
0.4393344
0.4393536
0.4412736
0.4431936
0.4451136
0.4489536
0.4527936
0.4528128
0.4566528
0.456672
0.460512
0.462432
0.464352
0.468192
0.470112
0.472032
0.4720512
0.4739712
0.4758912
0.4778112
0.4816512
0.4816704
0.4835904
0.4836096
0.4874496
0.4874688
0.4893888
0.4932288
0.493248
0.495168
0.4951872
0.4971072
0.5009472
0.5009664
0.5048064
0.5067264
0.5105664
0.5124864
0.5144064
0.5144256
0.5163456
0.5163648
0.5202048
0.5240448
0.5278848
0.5298048
0.5317248
0.5355648
0.535584
0.537504
0.5375232
0.5394432
0.5432832
0.5433024
0.5452224
0.5490624
0.5509824
0.5510016
0.5548416
0.5548608
0.5587008
0.5606208
0.5644608
0.5683008
0.56832
0.57024
0.57408
0.57792
0.57984
0.5798592
0.5836992
0.5856192
0.5875392
0.5875584
0.5913984
0.5914176
0.5952576
0.5971776
0.5971968
0.5991168
0.599136
0.602976
0.6029952
0.6068352
0.6106752
0.6125952
0.6164352
0.6202752
0.6241152
0.6279552
0.6317952
0.6356352
0.6356544
0.6375744
0.6394944
0.6395136
0.6433536
0.6433728
0.6472128
0.647232
0.649152
0.6491712
0.6510912
0.6549312
0.6549504
0.6568704
0.6607104
0.6607296
0.6626496
0.6664896
0.6665088
0.6684288
0.668448
0.670368
0.6703872
0.6723072
0.6723264
0.6761664
0.6780864
0.6819264
0.6819456
0.6838656
0.6877056
0.6877248
0.6915648
0.691584
0.695424
0.697344
0.699264
0.6992832
0.7012032
0.7012224
0.7031424
0.7050624
0.7089024
0.7089216
0.7127616
0.7146816
0.7147008
0.7166208
0.7185408
0.71856
0.72048
0.7224
0.72432
0.72816
0.732
0.7320192
0.7339392
0.7339584
0.7377984
0.7397184
0.7416384
0.7435584
0.7473984
0.7474176
0.7493376
0.7512576
0.7550976
0.7551168
0.7570368
0.757056
0.760896
0.7609152
0.7628352
0.7628544
0.7666944
0.7686144
0.7724544
0.7724736
0.7743936
0.7763136
0.7763328
0.7801728
0.780192
0.784032
0.7840512
0.7859712
0.7859904
0.7879104
0.7879296
0.7917696
0.7917888
0.7937088
0.7956288
0.795648
0.797568
0.7975872
0.8014272
0.8014464
0.8033664
0.8052864
0.8072064
0.8091264
0.8129664
0.8129856
0.8168256
0.8168448
0.8206848
0.8245248
0.824544
0.826464
0.828384
0.8284032
0.8322432
0.8341632
0.8380032
0.8418432
0.8418624
0.8457024
0.8476224
0.8495424
0.8533824
0.8572224
0.8591424
0.8591616
0.8630016
0.8630208
0.8649408
0.86496
0.86688
0.8688
0.8688192
0.8726592
0.8764992
0.8765184
0.8803584
0.8803776
0.8822976
0.8823168
0.8842368
0.884256
0.886176
0.890016
0.8900352
0.8919552
0.8919744
0.8938944
0.8958144
0.8958336
0.8996736
0.8996928
0.9035328
0.903552
0.907392
0.9074112
0.9093312
0.9093504
0.9112704
0.9151104
0.9189504
0.9208704
0.9208896
0.9247296
0.9285696
0.9304896
0.9343296
0.9343488
0.9362688
0.936288
0.940128
0.9401472
0.9420672
0.9420864
0.9440064
0.9478464
0.9478656
0.9517056
0.9555456
0.9555648
0.9594048
0.959424
0.961344
0.9613632
0.9652032
0.9652224
0.9671424
0.9671616
0.9690816
0.9710016
0.9729216
0.9729408
0.9767808
0.9768
0.97872
0.9787392
0.9825792
0.9844992
0.9845184
0.9883584
0.9921984
0.9922176
0.9941376
0.9979776
0.9979968
0.9999168
1.0037568
1.0056768
1.0075968
1.0114368
1.0133568
1.013376
1.017216
1.021056
1.024896
1.0249152
1.0268352
1.0268544
1.0306944
1.0307136
1.0326336
1.0345536
1.0345728
1.0364928
1.036512
1.038432
1.0384512
1.0403712
1.0403904
1.0442304
1.0442496
1.0480896
1.0481088
1.0519488
1.051968
1.055808
1.0558272
1.0577472
1.0577664
1.0616064
1.0616256
1.0654656
1.0654848
1.0674048
1.0693248
1.069344
1.073184
1.075104
1.0751232
1.0789632
1.0789824
1.0828224
1.0828416
1.0866816
1.0867008
1.0905408
1.09056
1.0944
1.0944192
1.0982592
1.1020992
1.1021184
1.1059584
1.1059776
1.1098176
1.1098368
1.1117568
1.1155968
1.115616
1.117536
1.119456
1.121376
1.1213952
1.1233152
1.1233344
1.1271744
1.1271936
1.1310336
1.1310528
1.1329728
1.132992
1.134912
1.138752
1.142592
1.1426112
1.1464512
1.1483712
1.1502912
1.1503104
1.1522304
1.1522496
1.1560896
1.1561088
1.1599488
1.1637888
1.1676288
1.1695488
1.169568
1.171488
1.175328
1.179168
1.1791872
1.1811072
1.1830272
1.1830464
1.1868864
1.1869056
1.1888256
1.1907456
1.1926656
1.1926848
1.1965248
1.196544
1.200384
1.2004032
1.2042432
1.2061632
1.2080832
1.2081024
1.2119424
1.2157824
1.2177024
1.2177216
1.2215616
1.2215808
1.2254208
1.2292608
1.22928
1.23312
1.23504
1.2350592
1.2369792
1.2369984
1.2389184
1.2389376
1.2427776
1.2427968
1.2466368
1.2485568
1.2523968
1.2562368
1.2600768
1.260096
1.262016
1.265856
1.2658752
1.2677952
1.2716352
1.2716544
1.2735744
1.2774144
1.2774336
1.2793536
1.2831936
1.2870336
1.2908736
1.2927936
1.2947136
1.2985536
1.2985728
1.3004928
1.3043328
1.304352
1.306272
1.3062912
1.3082112
1.3082304
1.3120704
1.3120896
1.3140096
1.3178496
1.3178688
1.3217088
1.3255488
1.325568
1.329408
1.333248
1.335168
1.3351872
1.3390272
1.3390464
1.3428864
1.3467264
1.3467456
1.3486656
1.3525056
1.3525248
1.3563648
1.356384
1.360224
1.364064
1.365984
1.369824
1.3698432
1.3717632
1.3736832
1.3756032
1.3794432
1.3832832
1.3833024
1.3871424
1.3871616
1.3910016
1.3948416
1.3967616
1.3986816
1.4006016
1.4025216
1.4063616
1.4063808
1.4102208
1.4121408
1.4159808
1.4179008
1.4198208
1.41984
1.42176
1.4256
1.4256192
1.4275392
1.4313792
1.4352192
1.4390592
1.4409792
1.4409984
1.4429184
1.4467584
1.4505984
1.4506176
1.4544576
1.4582976
1.4583168
1.4602368
1.4621568
1.462176
1.466016
1.4660352
1.4679552
1.4698752
1.4698944
1.4718144
1.4737344
1.4737536
1.4775936
1.4776128
1.4795328
1.4814528
1.481472
1.485312
1.487232
1.489152
1.4891712
1.4930112
1.4930304
1.4968704
1.5007104
1.5007296
1.5045696
1.5045888
1.5084288
1.5103488
1.510368
1.512288
1.514208
1.5142272
1.5180672
1.5180864
1.5200064
1.5200256
1.5238656
1.5277056
1.5315456
1.5334656
1.5353856
1.5392256
1.5411456
1.5430656
1.5430848
1.5469248
1.546944
1.550784
1.554624
1.5546432
1.5565632
1.5584832
1.5585024
1.5604224
1.5623424
1.5642624
1.5681024
1.5681216
1.5719616
1.5719808
1.5758208
1.5796608
1.57968
1.58352
1.5835392
1.5854592
1.5854784
1.5893184
1.5912384
1.5912576
1.5950976
1.5951168
1.5970368
1.6008768
1.600896
1.604736
1.606656
1.608576
1.610496
1.614336
1.6143552
1.6162752
1.6181952
1.6182144
1.6220544
1.6239744
1.6239936
1.6278336
1.6278528
1.6297728
1.629792
1.631712
1.6317312
1.6336512
1.6336704
1.6355904
1.6375104
1.6375296
1.6394496
1.6394688
1.6413888
1.641408
1.643328
1.6433472
1.6452672
1.6452864
1.6491264
1.6491456
1.6510656
1.6510848
1.6549248
1.6587648
1.658784
1.660704
1.6607232
1.6626432
1.6664832
1.6703232
1.6703424
1.6741824
1.6761024
1.6761216
1.6780416
1.6780608
1.6799808
1.68
1.68192
1.6819392
1.6838592
1.6857792
1.6896192
1.6896384
1.6934784
1.6934976
1.6973376
1.7011776
1.7011968
1.7050368
1.705056
1.706976
1.710816
1.7108352
1.7127552
1.7165952
1.7185152
1.7223552
1.7261952
1.7262144
1.7300544
1.7319744
1.7338944
1.7339136
1.7358336
1.7396736
1.7396928
1.7435328
1.743552
1.747392
1.749312
1.753152
1.7531712
1.7570112
1.7570304
1.7608704
1.7608896
1.7628096
1.7666496
1.7685696
1.7685888
1.7724288
1.7762688
1.776288
1.780128
1.783968
1.7839872
1.7878272
1.7897472
1.7935872
1.7936064
1.7955264
1.7974464
1.7974656
1.7993856
1.7994048
1.8032448
1.803264
1.805184
1.809024
1.810944
1.814784
1.816704
1.820544
1.8205632
1.8244032
1.8282432
1.8282624
1.8321024
1.8359424
1.8378624
1.8378816
1.8398016
1.8398208
1.8436608
1.84368
1.84752
1.8475392
1.8513792
1.8552192
1.8590592
1.8590784
1.8609984
1.8629184
1.8648384
1.8648576
1.8667776
1.8706176
1.8744576
1.8744768
1.8763968
1.876416
1.880256
1.882176
1.8821952
1.8860352
1.8860544
1.8898944
1.8899136
1.8918336
1.8918528
1.8937728
1.8976128
1.8995328
1.9014528
1.901472
1.905312
1.9053312
1.9091712
1.9091904
1.9111104
1.9111296
1.9130496
1.9130688
1.9169088
1.916928
1.918848
1.920768
1.924608
1.926528
1.9265472
1.9284672
1.9323072
1.9323264
1.9342464
1.9342656
1.9381056
1.9381248
1.9419648
1.9438848
1.9458048
1.945824
1.947744
1.951584
1.9516032
1.9554432
1.9554624
1.9593024
1.9631424
1.9669824
1.9670016
1.9689216
1.9689408
1.9708608
1.9747008
1.9766208
1.97664
1.97856
1.98048
1.9824
1.9824192
1.9843392
1.9862592
1.9862784
1.9901184
1.9901376
1.9920576
1.9939776
1.9939968
1.9978368
1.9997568
1.999776
2.003616
2.007456
2.0074752
2.0093952
2.0132352
2.0151552
2.0189952
2.0190144
2.0228544
2.0228736
2.0267136
2.0286336
2.0305536
2.0343936
2.0382336
2.0382528
2.0401728
2.040192
2.044032
2.047872
2.0478912
2.0498112
2.0498304
2.0536704
2.0536896
2.0575296
2.0613696
2.0613888
2.0652288
2.0671488
2.067168
2.069088
2.071008
2.0710272
2.0729472
2.0748672
2.0787072
2.0825472
2.0825664
2.0844864
2.0845056
2.0883456
2.0883648
2.0922048
2.092224
2.094144
2.096064
2.0960832
2.0980032
2.0980224
2.0999424
2.1018624
2.1018816
2.1038016
2.1038208
2.1057408
2.10576
2.10768
2.1076992
2.1096192
2.1134592
2.1153792
2.1192192
2.1211392
2.1211584
2.1249984
2.1269184
2.1288384
2.1288576
2.1326976
2.1327168
2.1365568
2.1403968
2.1442368
2.144256
2.148096
2.151936
2.1519552
2.1557952
2.1558144
2.1596544
2.1596736
2.1615936
2.1654336
2.1692736
2.1692928
2.1712128
2.1731328
2.1769728
2.1788928
2.178912
2.180832
2.184672
2.1846912
2.1866112
2.1866304
2.1904704
2.1904896
2.1924096
2.1943296
2.1981696
2.2020096
2.2058496
2.2058688
2.2097088
2.209728
2.213568
2.217408
2.221248
2.2212672
2.2251072
2.2251264
2.2270464
2.2289664
2.2289856
2.2328256
2.2347456
2.2366656
2.2385856
2.2424256
2.2443456
2.2481856
2.2482048
2.2520448
2.252064
2.253984
2.2540032
2.2559232
2.2578432
2.2616832
2.2617024
2.2636224
2.2636416
2.2655616
2.2655808
2.2675008
2.2713408
2.2732608
2.27328
2.27712
2.2771392
2.2809792
2.2828992
2.2829184
2.2867584
2.2886784
2.2925184
2.2925376
2.2944576
2.2944768
2.2983168
2.3002368
2.3021568
2.302176
2.306016
2.3060352
2.3098752
2.3117952
2.3137152
2.3137344
2.3156544
2.3156736
2.3175936
2.3176128
2.3214528
2.3233728
2.323392
2.325312
2.327232
2.3272512
2.3291712
2.3291904
2.3311104
2.3311296
2.3330496
2.3330688
2.3349888
2.335008
2.336928
2.340768
2.3407872
2.3427072
2.3465472
2.3465664
2.3484864
2.3485056
2.3504256
2.3504448
2.3542848
2.354304
2.356224
2.360064
2.361984
2.3620032
2.3639232
2.3639424
2.3677824
2.3678016
2.3716416
2.3716608
2.3755008
2.37552
2.37744
2.37936
2.3793792
2.3832192
2.3851392
2.3851584
2.3889984
2.3928384
2.3928576
2.3966976
2.4005376
2.4024576
2.4062976
2.4063168
2.4101568
2.4139968
2.414016
2.417856
2.4178752
2.4217152
2.4217344
2.4255744
2.4255936
2.4294336
2.4294528
2.4332928
2.4371328
2.4390528
2.439072
2.442912
2.446752
2.450592
2.4506112
2.4525312
2.4563712
2.4563904
2.4583104
2.4602304
2.4602496
2.4621696
2.4660096
2.4660288
2.4679488
2.467968
2.469888
2.473728
2.4737472
2.4756672
2.4756864
2.4795264
2.4795456
2.4833856
2.4834048
2.4853248
2.485344
2.489184
2.4892032
2.4911232
2.4911424
2.4949824
2.4988224
2.5026624
2.5026816
2.5046016
2.5046208
2.5065408
2.5103808
2.5123008
2.51232
2.51424
2.51808
2.52192
2.5219392
2.5238592
2.5257792
2.5257984
2.5277184
2.5277376
2.5315776
2.5334976
2.5354176
2.5392576
2.5411776
2.5411968
2.5450368
2.545056
2.546976
2.548896
2.550816
2.5508352
2.5546752
2.5546944
2.5566144
2.5604544
2.5642944
2.5643136
2.5662336
2.5681536
2.5681728
2.5700928
2.570112
2.572032
2.5720512
2.5758912
2.5759104
2.5797504
2.5797696
2.5816896
2.5855296
2.5893696
2.5912896
2.5932096
2.5970496
2.5970688
2.5989888
2.599008
2.600928
2.602848
2.6028672
2.6067072
2.6105472
2.6124672
2.6124864
2.6163264
2.6163456
2.6201856
2.6202048
2.6221248
2.6259648
2.6278848
2.6317248
2.631744
2.635584
2.637504
2.639424
2.6394432
2.6413632
2.6452032
2.6471232
2.6471424
2.6490624
2.6529024
2.6548224
2.6567424
2.6586624
2.6625024
2.6644224
2.6644416
2.6663616
2.6702016
2.6721216
2.6759616
2.6778816
2.6817216
2.6817408
2.6855808
2.6856
2.68752
2.69136
2.6913792
2.6932992
2.6952192
2.6952384
2.6971584
2.6971776
2.6990976
2.6991168
2.7029568
2.702976
2.706816
2.710656
2.712576
2.7125952
2.7145152
2.7183552
2.7183744
2.7222144
2.7222336
2.7260736
2.7279936
2.7318336
2.7318528
2.7337728
2.733792
2.737632
2.7376512
2.7414912
2.7434112
2.7472512
2.7491712
2.7491904
2.7530304
2.7568704
2.7568896
2.7588096
2.7588288
2.7607488
2.760768
2.762688
2.7627072
2.7665472
2.7703872
2.7723072
2.7723264
2.7761664
2.7800064
2.7838464
2.7838656
2.7857856
2.7858048
2.7877248
2.7896448
2.789664
2.791584
2.7916032
2.7935232
2.7973632
2.7992832
2.7993024
2.8031424
2.8031616
2.8070016
2.8108416
2.8108608
2.8147008
2.81472
2.81856
2.8224
2.8224192
2.8262592
2.8281792
2.8281984
2.8301184
2.8301376
2.8339776
2.8339968
2.8378368
2.8397568
2.839776
2.843616
2.847456
2.8474752
2.8513152
2.8513344
2.8551744
2.8570944
2.8571136
2.8609536
2.8609728
2.8648128
2.864832
2.866752
2.870592
2.8706112
2.8725312
2.8744512
2.8744704
2.8783104
2.8783296
2.8802496
2.8840896
2.8841088
2.8879488
2.887968
2.889888
2.893728
2.8937472
2.8975872
2.8976064
2.9014464
2.9014656
2.9033856
2.9053056
2.9053248
2.9091648
2.909184
2.913024
2.914944
2.916864
2.9168832
2.9207232
2.9207424
2.9226624
2.9245824
2.9284224
2.9303424
2.9303616
2.9322816
2.9342016
2.9342208
2.9380608
2.93808
2.94192
2.9419392
2.9438592
2.9476992
2.9496192
2.9534592
2.9534784
2.9573184
2.9611584
2.9611776
2.9650176
2.9669376
2.9688576
2.9688768
2.9707968
2.9746368
2.974656
2.978496
2.980416
2.984256
2.988096
2.991936
2.995776
2.997696
3.001536
3.005376
3.009216
3.011136
3.014976
3.016896
3.0169152
3.0207552
3.0245952
3.0246144
3.0265344
3.0265536
3.0303936
3.0304128
3.0323328
3.0361728
3.0400128
3.040032
3.043872
3.0438912
3.0458112
3.0477312
3.0477504
3.0496704
3.0535104
3.0573504
3.0611904
3.0612096
3.0631296
3.0631488
3.0669888
3.0708288
3.0746688
3.074688
3.078528
3.0785472
3.0823872
3.0824064
3.0843264
3.0862464
3.0881664
3.0900864
3.0920064
3.0939264
3.0939456
3.0958656
3.0977856
3.0997056
3.0997248
3.1035648
3.1074048
3.1093248
3.1112448
3.1150848
3.115104
3.117024
3.1170432
3.1189632
3.1189824
3.1209024
3.1247424
3.1266624
3.1285824
3.1305024
3.1324224
3.1324416
3.1362816
3.1363008
3.1382208
3.13824
3.14016
3.144
3.1440192
3.1459392
3.1478592
3.1516992
3.1555392
3.1555584
3.1593984
3.1594176
3.1613376
3.1613568
3.1632768
3.163296
3.165216
3.1652352
3.1671552
3.1690752
3.1690944
3.1710144
3.1729344
3.1729536
3.1748736
3.1748928
3.1787328
3.1825728
3.182592
3.184512
3.186432
3.1864512
3.1883712
3.1922112
3.1941312
3.1941504
3.1960704
3.1979904
3.1980096
3.1999296
3.2018496
3.2018688
3.2057088
3.2076288
3.207648
3.209568
3.211488
3.2115072
3.2134272
3.2153472
3.2153664
3.2192064
3.2211264
3.2211456
3.2249856
3.2250048
3.2269248
3.2307648
3.2326848
3.232704
3.236544
3.2365632
3.2404032
3.2404224
3.2442624
3.2442816
3.2481216
3.2481408
3.2519808
3.2558208
3.25584
3.25776
3.2616
3.26352
3.2635392
3.2654592
3.2673792
3.2673984
3.2712384
3.2712576
3.2731776
3.2731968
3.2770368
3.277056
3.280896
3.2809152
3.2828352
3.2866752
3.2905152
3.2943552
3.2943744
3.2962944
3.3001344
3.3039744
3.3078144
3.3078336
3.3116736
3.3135936
3.3155136
3.3193536
3.3193728
3.3212928
3.321312
3.325152
3.328992
3.3290112
3.3309312
3.3328512
3.3347712
3.3347904
3.3386304
3.3424704
3.3424896
3.3463296
3.3463488
3.3501888
3.3540288
3.354048
3.357888
3.359808
3.3598272
3.3636672
3.3636864
3.3656064
3.3694464
3.3694656
3.3733056
3.3771456
3.3771648
3.3810048
3.3829248
3.382944
3.384864
3.3848832
3.3887232
3.3887424
3.3925824
3.3945024
3.3945216
3.3964416
3.4002816
3.4022016
3.4041216
3.4041408
3.4079808
3.408
3.41184
3.4118592
3.4137792
3.4176192
3.4195392
3.4195584
3.4233984
3.4253184
3.4253376
3.4272576
3.4291776
3.4330176
3.4349376
3.4349568
3.4368768
3.4407168
3.440736
3.442656
3.446496
3.448416
3.4484352
3.4503552
3.4541952
3.4561152
3.4599552
3.4599744
3.4638144
3.4676544
3.4714944
3.4715136
3.4753536
3.4772736
3.4791936
3.4792128
3.4830528
3.483072
3.484992
3.4850112
3.4869312
3.4888512
3.4888704
3.4907904
3.4946304
3.4965504
3.4984704
3.4984896
3.5023296
3.5061696
3.5080896
3.5119296
3.5138496
3.5138688
3.5177088
3.5215488
3.5253888
3.5273088
3.5311488
3.531168
3.533088
3.5331072
3.5350272
3.5369472
3.5369664
3.5388864
3.5427264
3.5446464
3.5484864
3.5485056
3.5523456
3.5523648
3.5542848
3.5562048
3.556224
3.558144
3.560064
3.5600832
3.5639232
3.5658432
3.5696832
3.5697024
3.5735424
3.5735616
3.5774016
3.5774208
3.5812608
3.5851008
3.5889408
3.58896
3.5928
3.59664
3.59856
3.5985792
3.6004992
3.6043392
3.6043584
3.6062784
3.6101184
3.6101376
3.6120576
3.6158976
3.6159168
3.6197568
3.619776
3.623616
3.627456
3.6274752
3.6293952
3.6294144
3.6313344
3.6351744
3.6370944
3.6371136
3.6409536
3.6447936
3.6486336
3.6524736
3.6543936
3.6582336
3.6620736
3.6620928
3.6659328
3.6697728
3.669792
3.671712
3.675552
3.679392
3.6794112
3.6832512
3.6832704
3.6871104
3.6909504
3.6947904
3.6967104
3.6967296
3.6986496
3.7005696
3.7044096
3.7044288
3.7082688
3.7121088
3.712128
3.715968
3.7159872
3.7198272
3.7236672
3.7255872
3.7275072
3.7275264
3.7294464
3.7332864
3.7371264
3.7390464
3.7390656
3.7409856
3.7429056
3.7429248
3.7467648
3.746784
3.748704
3.7487232
3.7525632
3.7525824
3.7564224
3.7564416
3.7583616
3.7622016
3.7622208
3.7641408
3.7660608
3.7679808
3.768
3.77184
3.7718592
3.7756992
3.7757184
3.7776384
3.7776576
3.7814976
3.7815168
3.7853568
3.785376
3.789216
3.7892352
3.7911552
3.7949952
3.7950144
3.7969344
3.7988544
3.8026944
3.8027136
3.8046336
3.8084736
3.8103936
3.8123136
3.8123328
3.8161728
3.816192
3.820032
3.8200512
3.8219712
3.8219904
3.8239104
3.8277504
3.8277696
3.8296896
3.8297088
3.8316288
3.831648
3.835488
3.839328
3.841248
3.8412672
3.8451072
3.8451264
3.8489664
3.8489856
3.8509056
3.8509248
3.8528448
3.852864
3.854784
3.856704
3.860544
3.864384
3.866304
3.868224
3.872064
3.8720832
3.8740032
3.8778432
3.8778624
3.8797824
3.8798016
3.8817216
3.8855616
3.8874816
3.8875008
3.8894208
3.88944
3.89328
3.8952
3.8952192
3.8971392
3.8971584
3.9009984
3.9010176
3.9029376
3.9048576
3.9067776
3.9106176
3.9106368
3.9125568
3.9144768
3.914496
3.916416
3.9164352
3.9183552
3.9183744
3.9202944
3.9222144
3.9222336
3.9260736
3.9260928
3.9299328
3.929952
3.931872
3.9318912
3.9357312
3.9357504
3.9376704
3.9376896
3.9415296
3.9415488
3.9453888
3.9492288
3.9530688
3.9569088
3.956928
3.960768
3.9607872
3.9627072
3.9665472
3.9684672
3.9684864
3.9704064
3.9704256
3.9742656
3.9761856
3.9800256
3.9800448
3.9838848
3.983904
3.985824
3.987744
3.9877632
3.9896832
3.9897024
3.9916224
3.9916416
3.9935616
3.9935808
3.9955008
3.9993408
3.99936
4.0032
4.0032192
4.0051392
4.0070592
4.0108992
4.0109184
4.0128384
4.0128576
4.0166976
4.0205376
4.0205568
4.0224768
4.022496
4.024416
4.026336
4.0263552
4.0301952
4.0302144
4.0321344
4.0321536
4.0359936
4.0398336
4.0398528
4.0436928
4.0456128
4.0494528
4.049472
4.051392
4.0514112
4.0533312
4.0571712
4.0571904
4.0591104
4.0591296
4.0629696
4.0629888
4.0668288
4.066848
4.070688
4.072608
4.0726272
4.0745472
4.0745664
4.0784064
4.0784256
4.0822656
4.0841856
4.0880256
4.0899456
4.0899648
4.0938048
4.0976448
4.097664
4.099584
4.0996032
4.1034432
4.1053632
4.1092032
4.1092224
4.1111424
4.1111616
4.1130816
4.1131008
4.1150208
4.11504
4.11888
4.1188992
4.1227392
4.1265792
4.1265984
4.1285184
4.1304384
4.1304576
4.1323776
4.1323968
4.1343168
4.134336
4.138176
4.142016
4.143936
4.1439552
4.1477952
4.1497152
4.1497344
4.1516544
4.1516736
4.1535936
4.1536128
4.1555328
4.155552
4.157472
4.1574912
4.1594112
4.1632512
4.1632704
4.1671104
4.1690304
4.1709504
4.1709696
4.1728896
4.1729088
4.1767488
4.1786688
4.178688
4.182528
4.186368
4.1863872
4.1883072
4.1902272
4.1940672
4.1959872
4.1960064
4.1998464
4.2036864
4.2075264
4.2113664
4.2113856
4.2133056
4.2171456
4.2171648
4.2190848
4.2210048
4.2229248
4.222944
4.226784
4.228704
4.2287232
4.2325632
4.2364032
4.2383232
4.2421632
4.2440832
4.2441024
4.2460224
4.2498624
4.2537024
4.2537216
4.2575616
4.2575808
4.2595008
4.2614208
4.26144
4.26336
4.2633792
4.2652992
4.2691392
4.2710592
4.2710784
4.2749184
4.2749376
4.2768576
4.2787776
4.2787968
4.2826368
4.2845568
4.284576
4.288416
4.2884352
4.2903552
4.2922752
4.2922944
4.2942144
4.2942336
4.2980736
4.2980928
4.3019328
4.3038528
4.303872
4.305792
4.3058112
4.3077312
4.3077504
4.3115904
4.3135104
4.3154304
4.3154496
4.3192896
4.3212096
4.3250496
4.3269696
4.3269888
4.3289088
4.328928
4.330848
4.3308672
4.3347072
4.3347264
4.3385664
4.3404864
4.3443264
4.3443456
4.3481856
4.3482048
4.3501248
4.3539648
4.3558848
4.355904
4.359744
4.3597632
4.3636032
4.3674432
4.3674624
4.3713024
4.3713216
4.3732416
4.3732608
4.3751808
4.3752
4.37712
4.3771392
4.3790592
4.3809792
4.3828992
4.3829184
4.3867584
4.3867776
4.3886976
4.3925376
4.3944576
4.3963776
4.4002176
4.4021376
4.4040576
4.4040768
4.4059968
4.406016
4.409856
4.4098752
4.4117952
4.4118144
4.4156544
4.4156736
4.4175936
4.4176128
4.4195328
4.419552
4.421472
4.4214912
4.4234112
4.4234304
4.4253504
4.4291904
4.4311104
4.4311296
4.4349696
4.4349888
4.4388288
4.4407488
4.440768
4.442688
4.446528
4.450368
4.4503872
4.4523072
4.4542272
4.4542464
4.4561664
4.4561856
4.4581056
4.4581248
4.4600448
4.460064
4.463904
4.465824
4.467744
4.4677632
4.4716032
4.4754432
4.4754624
4.4773824
4.4793024
4.4831424
4.4850624
4.4850816
4.4889216
4.4889408
4.4908608
4.49088
4.4928
4.4928192
4.4947392
4.4985792
4.5004992
4.5043392
4.5043584
4.5081984
4.5082176
4.5101376
4.5101568
4.5120768
4.5159168
4.515936
4.517856
4.521696
4.5217152
4.5236352
4.5274752
4.5293952
4.5332352
4.5332544
4.5370944
4.5390144
4.5390336
4.5428736
4.5428928
4.5467328
4.546752
4.548672
4.5486912
4.5525312
4.5563712
4.5563904
4.5583104
4.5602304
4.5640704
4.5659904
4.5660096
4.5679296
4.5679488
4.5698688
4.569888
4.571808
4.575648
4.5756672
4.5775872
4.5776064
4.5814464
4.5814656
4.5853056
4.5872256
4.5910656
4.5910848
4.5949248
4.5987648
4.598784
4.602624
4.6026432
4.6045632
4.6064832
4.6103232
4.6103424
4.6122624
4.6161024
4.6199424
4.6218624
4.6218816
4.6257216
4.6257408
4.6276608
4.62768
4.63152
4.6315392
4.6334592
4.6353792
4.6353984
4.6392384
4.6411584
4.6430784
4.6430976
4.6450176
4.6450368
4.6469568
4.646976
4.650816
4.654656
4.6546752
4.6565952
4.6566144
4.6585344
4.6585536
4.6623936
4.6624128
4.6643328
4.664352
4.668192
4.672032
4.675872
4.677792
4.6778112
4.6816512
4.6816704
4.6835904
4.6874304
4.6893504
4.6893696
4.6932096
4.6932288
4.6970688
4.7009088
4.7028288
4.702848
4.706688
4.7067072
4.7105472
4.7105664
4.7124864
4.7125056
4.7144256
4.7144448
4.7182848
4.7221248
4.722144
4.724064
4.727904
4.729824
4.733664
4.7336832
4.7356032
4.7356224
4.7394624
4.7413824
4.7452224
4.7452416
4.7490816
4.7529216
4.7529408
4.7548608
4.7587008
4.75872
4.76256
4.7625792
4.7644992
4.7645184
4.7683584
4.7721984
4.7722176
4.7741376
4.7760576
4.7779776
4.7798976
4.7818176
4.7818368
4.7856768
4.785696
4.789536
4.7895552
4.7933952
4.7953152
4.7972352
4.8010752
4.8049152
4.8068352
4.8106752
4.8125952
4.8126144
4.8145344
4.8164544
4.8164736
4.8183936
4.8184128
4.8203328
4.820352
4.822272
4.8222912
4.8261312
4.8280512
4.8299712
4.8299904
4.8338304
4.8338496
4.8357696
4.8376896
4.8377088
4.8415488
4.8453888
4.8473088
4.8511488
4.8549888
4.8569088
4.8607488
4.8645888
4.864608
4.868448
4.872288
4.8723072
4.8761472
4.8780672
4.8780864
4.8800064
4.8800256
4.8819456
4.8819648
4.8838848
4.883904
4.885824
4.889664
4.891584
4.895424
4.8954432
4.8973632
4.8992832
4.9031232
4.9031424
4.9050624
4.9089024
4.9108224
4.9108416
4.9127616
4.9146816
4.9147008
4.9166208
4.91664
4.92048
4.92432
4.9243392
4.9281792
4.9300992
4.9301184
4.9339584
4.9339776
4.9358976
4.9359168
4.9397568
4.9435968
4.943616
4.945536
4.9455552
4.9493952
4.9494144
4.9513344
4.9532544
4.9532736
4.9551936
4.9552128
4.9590528
4.9609728
4.960992
4.964832
4.9648512
4.9667712
4.9667904
4.9706304
4.9706496
4.9744896
4.9783296
4.9821696
4.9860096
4.9860288
4.9879488
4.9917888
4.991808
4.995648
4.9956672
4.9995072
4.9995264
5.0033664
5.0052864
5.0072064
5.0091264
5.0110464
5.0129664
5.0148864
5.0149056
5.0187456
5.0187648
5.0226048
5.022624
5.024544
5.028384
5.0284032
5.0322432
5.0322624
5.0341824
5.0361024
5.0380224
5.0380416
5.0418816
5.0419008
5.0457408
5.04576
5.0496
5.05152
5.0515392
5.0553792
5.0553984
5.0592384
5.0592576
5.0611776
5.0650176
5.0688576
5.0707776
5.0707968
5.0727168
5.072736
5.076576
5.078496
5.0785152
5.0804352
5.0804544
5.0842944
5.0862144
5.0900544
5.0938944
5.0939136
5.0958336
5.0996736
5.0996928
5.1035328
5.103552
5.105472
5.1054912
5.1093312
5.1093504
5.1131904
5.1132096
5.1151296
5.1151488
5.1189888
5.1209088
5.1228288
5.122848
5.124768
5.1247872
5.1267072
5.1267264
5.1305664
5.1324864
5.1325056
5.1363456
5.1401856
5.1402048
5.1421248
5.1459648
5.1498048
5.149824
5.151744
5.1517632
5.1536832
5.1537024
5.1556224
5.1556416
5.1575616
5.1575808
5.1614208
5.1652608
5.16528
5.16912
5.1691392
5.1729792
5.1768192
5.1768384
5.1806784
5.1845184
5.1845376
5.1883776
5.1902976
5.1903168
5.1922368
5.1960768
5.1999168
5.199936
5.203776
5.2037952
5.2057152
5.2057344
5.2095744
5.2114944
5.2153344
5.2153536
5.2191936
5.2192128
5.2230528
5.223072
5.226912
5.230752
5.234592
5.2346112
5.2384512
5.2422912
5.2423104
5.2442304
5.2442496
5.2461696
5.2461888
5.2481088
5.248128
5.251968
5.2519872
5.2558272
5.2596672
5.2635072
5.2673472
5.2692672
5.2731072
5.2731264
5.2750464
5.2788864
5.2789056
5.2827456
5.2846656
5.2865856
5.2885056
5.2904256
5.2942656
5.2961856
5.3000256
5.3000448
5.3038848
5.3077248
5.3096448
5.309664
5.313504
5.315424
5.3154432
5.3192832
5.3193024
5.3231424
5.3231616
5.3270016
5.3308416
5.3308608
5.3347008
5.33472
5.33664
5.34048
5.3424
5.3424192
5.3443392
5.3443584
5.3481984
5.3501184
5.3501376
5.3539776
5.3558976
5.3578176
5.3597376
5.3597568
5.3635968
5.363616
5.367456
5.369376
5.3693952
5.3732352
5.3751552
5.3751744
5.3790144
5.3828544
5.3828736
5.3867136
5.3905536
5.3943936
5.3982336
5.4020736
5.4020928
5.4040128
5.404032
5.407872
5.4078912
5.4117312
5.4117504
5.4136704
5.4155904
5.4156096
5.4194496
5.4194688
5.4233088
5.423328
5.427168
5.4271872
5.4310272
5.4310464
5.4348864
5.4349056
5.4368256
5.4387456
5.4387648
5.4426048
5.442624
5.444544
5.4445632
5.4484032
5.4484224
5.4503424
5.4503616
5.4542016
5.4580416
5.4580608
5.4619008
5.46192
5.46576
5.4657792
5.4676992
5.4677184
5.4715584
5.4715776
5.4754176
5.4754368
5.4773568
5.477376
5.479296
5.4793152
5.4812352
5.4831552
5.4831744
5.4870144
5.4870336
5.4908736
5.4927936
5.4966336
5.5004736
5.5004928
5.5024128
5.5043328
5.5081728
5.5120128
5.5158528
5.515872
5.519712
5.521632
5.525472
5.5254912
5.5293312
5.5331712
5.5331904
5.5351104
5.5351296
5.5370496
5.5389696
5.5428096
5.5428288
5.5447488
5.544768
5.546688
5.5467072
5.5505472
5.5543872
5.5563072
5.5582272
5.5620672
5.5639872
5.5678272
5.5716672
5.5716864
5.5755264
5.5774464
5.5774656
5.5813056
5.5832256
5.5851456
5.5870656
5.5889856
5.5909056
5.5947456
5.5947648
5.5966848
5.6005248
5.6043648
5.6062848
5.6101248
5.6139648
5.6158848
5.6197248
5.6235648
5.623584
5.627424
5.6274432
5.6312832
5.6351232
5.6370432
5.6389632
5.6389824
5.6409024
5.6409216
5.6428416
5.6466816
5.6467008
5.6486208
5.6524608
5.6543808
5.6544
5.65824
5.66016
5.6601792
5.6640192
5.6659392
5.6659584
5.6697984
5.6717184
5.6717376
5.6755776
5.6794176
5.6832576
5.6832768
5.6871168
5.687136
5.689056
5.6890752
5.6929152
5.6967552
5.7005952
5.7006144
5.7044544
5.7063744
5.7082944
5.7083136
5.7121536
5.7121728
5.7140928
5.714112
5.716032
5.719872
5.721792
5.723712
5.7237312
5.7256512
5.7256704
5.7275904
5.7276096
5.7314496
5.7314688
5.7333888
5.7372288
5.7410688
5.7449088
5.744928
5.748768
5.7487872
5.7526272
5.7526464
5.7564864
5.7584064
5.7584256
5.7622656
5.7661056
5.7699456
5.7737856
5.7757056
5.7757248
5.7795648
5.7834048
5.7853248
5.7891648
5.7910848
5.791104
5.794944
5.7949632
5.7988032
5.7988224
5.8007424
5.8045824
5.8046016
5.8065216
5.8065408
5.8103808
5.8123008
5.8161408
5.81616
5.82
5.8200192
5.8219392
5.8238592
5.8238784
5.8257984
5.8258176
5.8296576
5.8334976
5.8335168
5.8354368
5.835456
5.839296
5.841216
5.843136
5.8431552
5.8469952
5.8489152
5.8489344
5.8508544
5.8546944
5.8547136
5.8585536
5.8585728
5.8624128
5.8643328
5.864352
5.866272
5.8662912
5.8682112
5.8682304
5.8720704
5.8720896
5.8740096
5.8778496
5.8816896
5.8817088
5.8855488
5.885568
5.887488
5.891328
5.895168
5.899008
5.900928
5.9009472
5.9028672
5.9028864
5.9048064
5.9067264
5.9086464
5.9124864
5.9144064
5.9144256
5.9182656
5.9201856
5.9202048
5.9221248
5.922144
5.925984
5.9260032
5.9298432
5.9317632
5.9356032
5.9394432
5.9413632
5.9432832
5.9452032
5.9452224
5.9471424
5.9490624
5.9490816
5.9529216
5.9529408
5.9567808
5.9568
5.96064
5.96448
5.9664
5.9664192
5.9702592
5.9721792
5.9740992
5.9760192
5.9760384
5.9779584
5.9779776
5.9798976
5.9799168
5.9818368
5.9837568
5.983776
5.985696
5.987616
5.9876352
5.9914752
5.9933952
5.9953152
5.9991552
6.0029952
6.0030144
6.0068544
6.0087744
6.0106944
6.0107136
6.0145536
6.0145728
6.0184128
6.018432
6.022272
6.0222912
6.0261312
6.0299712
6.0299904
6.0319104
6.0357504
6.0357696
6.0396096
6.0396288
6.0415488
6.041568
6.045408
6.047328
6.051168
6.053088
6.055008
6.0550272
6.0588672
6.0627072
6.0627264
6.0646464
6.0646656
6.0665856
6.0666048
6.0685248
6.068544
6.072384
6.076224
6.078144
6.080064
6.0800832
6.0820032
6.0858432
6.0896832
6.0916032
6.0916224
6.0935424
6.0954624
6.0993024
6.0993216
6.1031616
6.1031808
6.1070208
6.1108608
6.1147008
6.11472
6.11664
6.12048
6.12432
6.1243392
6.1281792
6.1320192
6.1358592
6.1396992
6.1397184
6.1435584
6.1435776
6.1474176
6.1512576
6.1512768
6.1531968
6.1570368
6.1608768
6.160896
6.162816
6.1628352
6.1647552
6.1647744
6.1686144
6.1705344
6.1705536
6.1743936
6.1744128
6.1782528
6.178272
6.180192
6.1802112
6.1840512
6.1859712
6.1859904
6.1879104
6.1879296
6.1898496
6.1898688
6.1937088
6.193728
6.195648
6.199488
6.1995072
6.2014272
6.2014464
6.2052864
6.2072064
6.2072256
6.2091456
6.2091648
6.2110848
6.211104
6.213024
6.214944
6.2149632
6.2188032
6.2226432
6.2245632
6.2284032
6.2303232
6.2303424
6.2322624
6.2322816
6.2361216
6.2380416
6.2380608
6.2399808
6.2419008
6.24192
6.24384
6.2438592
6.2476992
6.2477184
6.2496384
6.2496576
6.2534976
6.2535168
6.2554368
6.255456
6.257376
6.261216
6.2612352
6.2631552
6.2669952
6.2708352
6.2708544
6.2727744
6.2766144
6.2766336
6.2785536
6.2785728
6.2824128
6.2862528
6.286272
6.290112
6.2901312
6.2939712
6.2958912
6.2997312
6.3035712
6.3074112
6.3112512
6.3112704
6.3131904
6.3170304
6.3189504
6.3189696
6.3208896
6.3228096
6.3228288
6.3247488
6.3266688
6.326688
6.328608
6.3286272
6.3324672
6.3324864
6.3344064
6.3344256
6.3363456
6.3363648
6.3382848
6.3421248
6.3440448
6.3478848
6.3517248
6.351744
6.355584
6.3556032
6.3594432
6.3613632
6.3613824
6.3652224
6.3671424
6.3671616
6.3690816
6.3710016
6.3710208
6.3748608
6.3767808
6.3806208
6.38064
6.38448
6.3864
6.38832
6.39216
6.3921792
6.3940992
6.3941184
6.3979584
6.3979776
6.4018176
6.4018368
6.4037568
6.403776
6.405696
6.407616
6.411456
6.4114752
6.4133952
6.4134144
6.4172544
6.4210944
6.4211136
6.4249536
6.4287936
6.4307136
6.4307328
6.4345728
6.434592
6.438432
6.4384512
6.4403712
6.4422912
6.4423104
6.4442304
6.4480704
6.4480896
6.4500096
6.4538496
6.4576896
6.4596096
6.4596288
6.4615488
6.461568
6.465408
6.469248
6.473088
6.4731072
6.4769472
6.4769664
6.4788864
6.4789056
6.4808256
6.4808448
6.4827648
6.4866048
6.4885248
6.4904448
6.4923648
6.4942848
6.494304
6.496224
6.4962432
6.5000832
6.5020032
6.5039232
6.5039424
6.5058624
6.5097024
6.5116224
6.5116416
6.5135616
6.5135808
6.5174208
6.5212608
6.5251008
6.5270208
6.52704
6.52896
6.5289792
6.5328192
6.5347392
6.5347584
6.5385984
6.5386176
6.5424576
6.5462976
6.5482176
6.5520576
6.5520768
6.5539968
6.5578368
6.5597568
6.559776
6.563616
6.567456
6.571296
6.575136
6.5751552
6.5789952
6.5790144
6.5828544
6.5847744
6.5866944
6.5867136
6.5905536
6.5924736
6.5924928
6.5944128
6.594432
6.596352
6.600192
6.6002112
6.6021312
6.6021504
6.6040704
6.6040896
6.6060096
6.6079296
6.6098496
6.6098688
6.6117888
6.6156288
6.6194688
6.619488
6.623328
6.625248
6.629088
6.631008
6.6310272
6.6329472
6.6329664
6.6348864
6.6349056
6.6387456
6.6387648
6.6426048
6.642624
6.646464
6.650304
6.654144
6.6541632
6.6560832
6.6599232
6.6637632
6.6637824
6.6676224
6.6695424
6.6714624
6.6753024
6.6772224
6.6772416
6.6810816
6.6830016
6.6830208
6.6868608
6.6887808
6.6926208
6.6964608
6.7003008
6.70032
6.70224
6.7022592
6.7041792
6.7041984
6.7080384
6.7080576
6.7099776
6.7099968
6.7119168
6.7157568
6.7176768
6.7195968
6.7234368
6.7253568
6.7291968
6.7311168
6.7330368
6.7349568
6.7368768
6.7407168
6.740736
6.744576
6.746496
6.7465152
6.7484352
6.7484544
6.7522944
6.7542144
6.7580544
6.7580736
6.7599936
6.7638336
6.7657536
6.7657728
6.7676928
6.7696128
6.7715328
6.7734528
6.773472
6.777312
6.7773312
6.7792512
6.7792704
6.7811904
6.7812096
6.7831296
6.7831488
6.7869888
6.787008
6.790848
6.794688
6.7947072
6.7966272
6.7966464
6.8004864
6.8024064
6.8043264
6.8043456
6.8081856
6.8101056
6.8101248
6.8139648
6.813984
6.817824
6.819744
6.823584
6.827424
6.8274432
6.8293632
6.8293824
6.8313024
6.8332224
6.8351424
6.8389824
6.8409024
6.8447424
6.8466624
6.8505024
6.8505216
6.8524416
6.8562816
6.8582016
6.8582208
6.8620608
6.8659008
6.8678208
6.86784
6.87168
6.8736
6.8736192
6.8755392
6.8755584
6.8774784
6.8813184
6.8813376
6.8851776
6.8851968
6.8871168
6.887136
6.890976
6.894816
6.8948352
6.8986752
6.8986944
6.9006144
6.9025344
6.9025536
6.9044736
6.9044928
6.9064128
6.906432
6.910272
6.914112
6.9141312
6.9160512
6.9198912
6.9218112
6.9237312
6.9256512
6.9256704
6.9295104
6.9314304
6.9352704
6.9371904
6.9372096
6.9410496
6.9410688
6.9449088
6.944928
6.948768
6.9487872
6.9526272
6.9545472
6.9564672
6.9564864
6.9584064
6.9603264
6.9641664
6.9680064
6.9680256
6.9718656
6.9737856
6.9738048
6.9776448
6.977664
6.981504
6.9815232
6.9834432
6.9834624
6.9853824
6.9854016
6.9892416
6.9892608
6.9911808
6.9912
6.99504
6.99696
6.9969792
6.9988992
7.0008192
7.0027392
7.0065792
7.0104192
7.0104384
7.0123584
7.0123776
7.0142976
7.0181376
7.0181568
7.0219968
7.0239168
7.023936
7.025856
7.0258752
7.0277952
7.0278144
7.0297344
7.0297536
7.0335936
7.0355136
7.0374336
7.0412736
7.0412928
7.0451328
7.045152
7.047072
7.0470912
7.0509312
7.0528512
7.0547712
7.0586112
7.0586304
7.0624704
7.0643904
7.0682304
7.0701504
7.0701696
7.0740096
7.0778496
7.0816896
7.0836096
7.0855296
7.0855488
7.0874688
7.087488
7.089408
7.093248
7.0932672
7.0971072
7.1009472
7.1028672
7.1047872
7.1086272
7.1086464
7.1124864
7.1125056
7.1163456
7.1163648
7.1182848
7.118304
7.120224
7.124064
7.1240832
7.1260032
7.1260224
7.1279424
7.1279616
7.1298816
7.1318016
7.1318208
7.1356608
7.13568
7.13952
7.14144
7.14528
7.1452992
7.1472192
7.1510592
7.1529792
7.1529984
7.1568384
7.1587584
7.1587776
7.1606976
7.1607168
7.1626368
7.1645568
7.1664768
7.1703168
7.170336
7.172256
7.176096
7.178016
7.179936
7.1799552
7.1837952
7.1857152
7.1895552
7.1914752
7.1933952
7.1934144
7.1953344
7.1991744
7.2030144
7.2068544
7.2106944
7.2107136
7.2145536
7.2164736
7.2164928
7.2203328
7.2222528
7.2260928
7.2280128
7.2318528
7.231872
7.233792
7.2338112
7.2357312
7.2395712
7.2395904
7.2415104
7.2453504
7.2453696
7.2492096
7.2530496
7.2530688
7.2569088
7.256928
7.258848
7.262688
7.266528
7.268448
7.272288
7.276128
7.279968
7.283808
7.287648
7.291488
7.2915072
7.2953472
7.2972672
7.2972864
7.2992064
7.2992256
7.3030656
7.3030848
7.3050048
7.305024
7.308864
7.310784
7.3108032
7.3146432
7.3184832
7.3185024
7.3204224
7.3242624
7.3242816
7.3262016
7.3300416
7.3300608
7.3319808
7.3339008
7.33392
7.33584
7.3358592
7.3377792
7.3396992
7.3416192
7.3435392
7.3435584
7.3473984
7.3474176
7.3493376
7.3512576
7.3531776
7.3550976
7.3551168
7.3570368
7.357056
7.358976
7.3589952
7.3609152
7.3609344
7.3628544
7.3628736
7.3667136
7.3667328
7.3686528
7.368672
7.372512
7.374432
7.3744512
7.3763712
7.3782912
7.3802112
7.3802304
7.3821504
7.3821696
7.3860096
7.3860288
7.3879488
7.3917888
7.3956288
7.395648
7.397568
7.399488
7.401408
7.4014272
7.4033472
7.4033664
7.4072064
7.4072256
7.4091456
7.4091648
7.4130048
7.413024
7.416864
7.4168832
7.4207232
7.4207424
7.4245824
7.4284224
7.4284416
7.4303616
7.4303808
7.4342208
7.4361408
7.43616
7.44
7.44384
7.44768
7.4476992
7.4515392
7.4515584
7.4534784
7.4534976
7.4554176
7.4592576
7.4630976
7.4631168
7.4650368
7.4688768
7.468896
7.470816
7.472736
7.4727552
7.4765952
7.4766144
7.4804544
7.4804736
7.4843136
7.4862336
7.4900736
7.4900928
7.4920128
7.4958528
7.495872
7.497792
7.499712
7.503552
7.5035712
7.5074112
7.5112512
7.5112704
7.5151104
7.5189504
7.5189696
7.5208896
7.5209088
7.5228288
7.5266688
7.526688
7.530528
7.5305472
7.5343872
7.5344064
7.5363264
7.5363456
7.5401856
7.5440256
7.5440448
7.5478848
7.547904
7.551744
7.553664
7.5536832
7.5556032
7.5594432
7.5594624
7.5613824
7.5614016
7.5633216
7.5633408
7.5652608
7.5691008
7.56912
7.57104
7.57296
7.5729792
7.5748992
7.5768192
7.5787392
7.5787584
7.5806784
7.5845184
7.5864384
7.5864576
7.5883776
7.5902976
7.5903168
7.5922368
7.592256
7.596096
7.5961152
7.5980352
7.5980544
7.6018944
7.6019136
7.6038336
7.6038528
7.6057728
7.6076928
7.607712
7.609632
7.611552
7.613472
7.617312
7.621152
7.6211712
7.6230912
7.6231104
7.6269504
7.6269696
7.6308096
7.6308288
7.6327488
7.6346688
7.634688
7.638528
7.6385472
7.6404672
7.6423872
7.6462272
7.6500672
