0
0.000064
0.000128
0.000192
0.000256
0.019456
0.01952
0.019584
0.045184
0.045248
0.045312
0.045376
0.064576
0.06464
0.064704
0.064768
0.064832
0.090432
0.090496
0.096896
0.09696
0.097024
0.129024
0.141824
0.141888
0.141952
0.142016
0.154816
0.15488
0.154944
0.155008
0.155072
0.180672
0.180736
0.193536
0.1936
0.193664
0.193728
0.206528
0.206592
0.206656
0.232256
0.23232
0.23872
0.238784
0.238848
0.238912
0.251712
0.251776
0.25184
0.26464
0.264704
0.264768
0.264832
0.264896
0.277696
0.27776
0.28416
0.284224
0.284288
0.316288
0.348288
0.348352
0.348416
0.34848
0.348544
0.367744
0.367808
0.367872
0.367936
0.380736
0.3808
0.380864
0.380928
0.380992
0.412992
0.413056
0.41312
0.413184
0.413248
0.438848
0.438912
0.438976
0.43904
0.45824
0.47104
0.471104
0.490304
0.490368
0.515968
0.516032
0.535232
0.535296
0.53536
0.54176
0.541824
0.541888
0.567488
0.567552
0.567616
0.56768
0.58688
0.59968
0.599744
0.599808
0.619008
0.619072
0.625472
0.625536
0.644736
0.6448
0.644864
0.651264
0.651328
0.651392
0.664192
0.664256
0.677056
0.67712
0.70912
0.709184
0.709248
0.709312
0.734912
0.734976
0.73504
0.735104
0.735168
0.741568
0.741632
0.741696
0.767296
0.76736
0.77376
0.773824
0.773888
0.786688
0.799488
0.812288
0.812352
0.844352
0.844416
0.84448
0.844544
0.863744
0.863808
0.895808
0.908608
0.915008
0.915072
0.915136
0.940736
0.9408
0.940864
0.940928
0.972928
0.972992
0.973056
0.97312
0.97952
0.979584
0.979648
0.979712
1.005312
1.005376
1.00544
1.02464
1.024704
1.024768
1.024832
1.050432
1.076032
1.076096
1.07616
1.076224
1.076288
1.082688
1.082752
1.082816
1.08288
1.082944
1.102144
1.102208
1.102272
1.102336
1.115136
1.127936
1.153536
1.172736
1.191936
1.192
1.224
1.224064
1.224128
1.249728
1.249792
1.249856
1.24992
1.28192
1.281984
1.301184
1.326784
1.326848
1.326912
1.326976
1.32704
1.34624
1.37824
1.40384
1.403904
1.403968
1.429568
1.429632
1.429696
1.436096
1.43616
1.436224
1.436288
1.461888
1.461952
1.462016
1.46208
1.49408
1.494144
1.494208
1.519808
1.526208
1.526272
1.526336
1.5264
1.526464
1.558464
1.558528
1.558592
1.571392
1.571456
1.57152
1.58432
1.584384
1.609984
1.610048
1.616448
1.635648
1.635712
1.635776
1.63584
1.635904
1.642304
1.642368
1.655168
1.655232
1.655296
1.65536
1.655424
1.681024
1.693824
1.700224
1.700288
1.700352
1.700416
1.713216
1.71328
1.73248
1.732544
1.732608
1.739008
1.739072
1.739136
1.751936
1.764736
1.7648
1.764864
1.764928
1.764992
1.771392
1.771456
1.77152
1.771584
1.777984
1.778048
1.784448
1.784512
1.784576
1.78464
1.784704
1.816704
1.816768
1.816832
1.836032
1.836096
1.83616
1.86816
1.868224
1.900224
1.900288
1.900352
1.900416
1.906816
1.90688
1.906944
1.907008
1.913408
1.913472
1.945472
1.945536
1.951936
1.952
1.952064
1.952128
1.952192
1.971392
1.971456
1.984256
1.98432
2.01632
2.016384
2.029184
2.029248
2.029312
2.029376
2.048576
2.04864
2.048704
2.048768
2.048832
2.061632
2.080832
2.080896
2.08096
2.10656
2.106624
2.106688
2.125888
2.125952
2.126016
2.12608
2.126144
2.145344
2.145408
2.145472
2.145536
2.1456
2.152
2.152064
2.184064
2.184128
2.184192
2.203392
2.203456
2.235456
2.23552
2.24832
2.26752
2.267584
2.267648
2.267712
2.267776
2.280576
2.312576
2.31264
2.312704
2.338304
2.338368
2.338432
2.357632
2.357696
2.364096
2.36416
2.364224
2.396224
2.396288
2.409088
2.409152
2.409216
2.40928
2.409344
2.422144
2.422208
2.428608
2.435008
2.435072
2.435136
2.4352
2.4544
2.454464
2.454528
2.473728
2.473792
2.473856
2.47392
2.473984
2.480384
2.505984
2.506048
2.506112
2.525312
2.525376
2.52544
2.525504
2.557504
2.557568
2.557632
2.557696
2.55776
2.57056
2.570624
2.570688
2.570752
2.570816
2.596416
2.59648
2.596544
2.596608
2.622208
2.622272
2.622336
2.6224
2.6288
2.628864
2.628928
2.628992
2.648192
2.673792
2.673856
2.680256
2.68032
2.680384
2.680448
2.680512
2.693312
2.693376
2.69344
2.693504
2.706304
2.706368
2.706432
2.712832
2.712896
2.71296
2.74496
2.745024
2.745088
2.751488
2.751552
2.751616
2.777216
2.77728
2.777344
2.796544
2.822144
2.822208
2.822272
2.822336
2.8224
2.8416
2.841664
2.841728
2.860928
2.860992
2.861056
2.86112
2.89312
2.893184
2.912384
2.912448
2.944448
2.944512
2.963712
2.963776
2.982976
2.98304
2.983104
3.015104
3.015168
3.015232
3.015296
3.01536
3.04096
3.041024
3.041088
3.041152
3.041216
3.073216
3.07328
3.073344
3.073408
3.092608
3.092672
3.111872
3.111936
3.131136
3.1312
3.131264
3.131328
3.131392
3.137792
3.156992
3.188992
3.220992
3.221056
3.22112
3.221184
3.221248
3.227648
3.227712
3.227776
3.22784
3.25984
3.259904
3.285504
3.285568
3.285632
3.285696
3.28576
3.31136
3.32416
3.33696
3.337024
3.343424
3.343488
3.343552
3.343616
3.375616
3.37568
3.39488
3.394944
3.395008
3.395072
3.427072
3.427136
3.433536
3.4336
3.433664
3.433728
3.433792
3.452992
3.459392
3.484992
3.485056
3.517056
3.536256
3.53632
3.54272
3.542784
3.542848
3.542912
3.562112
3.562176
3.568576
3.56864
3.568704
3.581504
3.581568
3.587968
3.588032
3.588096
3.58816
3.60736
3.607424
3.607488
3.607552
3.620352
3.620416
3.626816
3.639616
3.63968
3.639744
3.639808
3.665408
3.665472
3.665536
3.671936
3.672
3.672064
3.672128
3.691328
3.716928
3.716992
3.717056
3.71712
3.74272
3.742784
3.742848
3.774848
3.774912
3.787712
3.800512
3.800576
3.813376
3.81344
3.813504
3.826304
3.826368
3.826432
3.826496
3.82656
3.85856
3.858624
3.871424
3.884224
3.884288
3.884352
3.884416
3.88448
3.89728
3.897344
3.910144
3.910208
3.910272
3.916672
3.916736
3.9168
3.916864
3.929664
3.929728
3.929792
3.929856
3.949056
3.94912
3.949184
3.949248
3.949312
3.955712
3.955776
3.974976
3.97504
3.98784
4.01344
4.013504
4.013568
4.013632
4.039232
4.039296
4.03936
4.07136
4.071424
4.103424
4.129024
4.129088
4.129152
4.129216
4.12928
4.14208
4.17408
4.174144
4.174208
4.174272
4.174336
4.180736
4.193536
4.1936
4.193664
4.219264
4.219328
4.251328
4.251392
4.251456
4.283456
4.28352
4.283584
4.283648
4.309248
4.309312
4.309376
4.30944
4.309504
4.341504
4.373504
4.373568
4.373632
4.373696
4.392896
4.39296
4.39936
4.399424
4.412224
4.412288
4.412352
4.418752
4.418816
4.41888
4.418944
4.431744
4.431808
4.431872
4.431936
4.432
4.4512
4.4832
4.483264
4.483328
4.515328
4.515392
4.515456
4.51552
4.53472
4.534784
4.553984
4.554048
4.554112
4.573312
4.573376
4.57344
4.573504
4.573568
4.592768
4.592832
4.592896
4.59296
4.593024
4.612224
4.612288
4.612352
4.631552
4.631616
4.63168
4.631744
4.644544
4.644608
4.657408
4.670208
4.670272
4.702272
4.702336
4.7024
4.702464
4.734464
4.734528
4.734592
4.740992
4.741056
4.74112
4.741184
4.747584
4.747648
4.754048
4.773248
4.773312
4.773376
4.805376
4.80544
4.805504
4.811904
4.811968
4.812032
4.844032
4.856832
4.856896
4.888896
4.88896
4.889024
4.908224
4.908288
4.908352
4.914752
4.946752
4.946816
4.959616
4.95968
4.97248
4.972544
4.978944
4.979008
4.979072
4.985472
4.985536
4.9856
4.985664
4.992064
4.992128
5.011328
5.011392
5.011456
5.01152
5.011584
5.024384
5.024448
5.056448
5.056512
5.082112
5.082176
5.08224
5.082304
5.114304
5.120704
5.120768
5.120832
5.120896
5.12096
5.15296
5.153024
5.185024
5.204224
5.204288
5.204352
5.204416
5.20448
5.23008
5.230144
5.230208
5.243008
5.255808
5.255872
5.255936
5.281536
5.2816
5.3136
5.313664
5.313728
5.313792
5.345792
5.345856
5.34592
5.345984
5.365184
5.365248
5.397248
5.397312
5.397376
5.429376
5.442176
5.44224
5.47424
5.474304
5.474368
5.474432
5.474496
5.493696
5.49376
5.493824
5.500224
5.500288
5.500352
5.500416
5.526016
5.538816
5.53888
5.538944
5.564544
5.577344
5.577408
5.577472
5.577536
5.590336
5.609536
5.6096
5.609664
5.609728
5.609792
5.628992
5.660992
5.661056
5.66112
5.661184
5.680384
5.693184
5.693248
5.693312
5.712512
5.712576
5.71264
5.712704
5.744704
5.744768
5.744832
5.770432
5.770496
5.77056
5.770624
5.777024
5.777088
5.802688
5.802752
5.802816
5.80288
5.802944
5.809344
5.809408
5.809472
5.809536
5.828736
5.8288
5.828864
5.828928
5.841728
5.841792
5.841856
5.867456
5.86752
5.867584
5.893184
5.893248
5.893312
5.893376
5.89344
5.89984
5.899904
5.899968
5.900032
5.900096
5.906496
5.938496
5.93856
5.938624
5.938688
5.945088
5.945152
5.951552
5.951616
5.970816
5.97088
5.970944
5.971008
5.971072
5.996672
5.996736
5.9968
5.996864
6.016064
6.016128
6.016192
6.016256
6.01632
6.04832
6.048384
6.048448
6.048512
6.067712
6.067776
6.06784
6.07424
6.09984
6.099904
6.099968
6.112768
6.112832
6.112896
6.132096
6.151296
6.15136
6.17056
6.170624
6.170688
6.170752
6.170816
6.202816
6.20288
6.21568
6.215744
6.215808
6.215872
6.215936
6.228736
6.260736
6.2608
6.260864
6.286464
6.286528
6.286592
6.292992
6.293056
6.29312
6.293184
6.305984
6.306048
6.325248
6.325312
6.325376
6.32544
6.325504
6.357504
6.389504
6.389568
6.402368
6.402432
6.434432
6.434496
6.460096
6.485696
6.48576
6.485824
6.485888
6.492288
6.492352
6.492416
6.49248
6.52448
6.524544
6.543744
6.543808
6.543872
6.550272
6.550336
6.556736
6.5568
6.5824
6.582464
6.582528
6.582592
6.582656
6.595456
6.59552
6.595584
6.595648
6.608448
6.608512
6.608576
6.640576
6.646976
6.64704
6.647104
6.647168
6.666368
6.666432
6.666496
6.679296
6.67936
6.679424
6.679488
6.705088
6.737088
6.737152
6.749952
6.750016
6.75008
6.750144
6.750208
6.756608
6.756672
6.756736
6.7568
6.756864
6.776064
6.788864
6.788928
6.788992
6.789056
6.821056
6.82112
6.82752
6.827584
6.827648
6.853248
6.853312
6.853376
6.85344
6.853504
6.866304
6.866368
6.866432
6.866496
6.86656
6.87296
6.873024
6.873088
6.873152
6.898752
6.917952
6.918016
6.91808
6.92448
6.924544
6.924608
6.956608
6.956672
6.956736
6.9568
6.976
6.976064
6.976128
6.976192
7.008192
7.008256
7.00832
7.008384
7.021184
7.021248
7.021312
7.021376
7.02144
7.02784
7.03424
7.034304
7.059904
7.059968
7.060032
7.060096
7.079296
7.07936
7.079424
7.079488
7.111488
7.111552
7.137152
7.137216
7.13728
7.137344
7.137408
7.150208
7.156608
7.156672
7.156736
7.1568
7.156864
7.188864
7.188928
7.188992
7.201792
7.201856
7.20192
7.201984
7.202048
7.208448
7.208512
7.208576
7.20864
7.22144
7.221504
7.253504
7.253568
7.253632
7.253696
7.279296
7.27936
7.279424
7.279488
7.305088
7.305152
7.305216
7.318016
7.324416
7.32448
7.324544
7.324608
7.324672
7.331072
7.331136
7.3312
7.331264
7.356864
7.356928
7.356992
7.357056
7.363456
7.36352
7.363584
7.395584
7.395648
7.395712
7.402112
7.402176
7.40224
7.402304
7.415104
7.415168
7.415232
7.415296
7.428096
7.440896
7.44096
7.44736
7.447424
7.447488
7.447552
7.473152
7.473216
7.47328
7.473344
7.473408
7.505408
7.505472
7.524672
7.524736
7.5248
7.524864
7.524928
7.550528
7.550592
7.550656
7.576256
7.57632
7.58912
7.589184
7.589248
7.595648
7.602048
7.602112
7.602176
7.627776
7.62784
7.627904
7.653504
